fold,mutant,y,y_pred,y_var,train
0,C8R,0.1200649,0.29537338,0.22134137,False
0,C8Y,0.8695372,0.32495016,0.23914191,False
0,F9L,0.11946419,0.5848495,0.1928194,False
0,F9S,0.078118764,0.46576807,0.20329128,False
0,F9Y,0.32615358,0.8581829,0.17428571,False
0,N10D,0.15790229,0.4073009,0.17895748,False
0,N10I,0.019577058,0.6485716,0.21488965,False
0,N10S,0.12773143,0.5662471,0.18525997,False
0,P11L,0.2558158,0.41006124,0.15796249,False
0,M12K,0.07967059,0.4178242,0.18540742,False
0,M12T,0.07269876,0.38542938,0.18565848,False
0,M12V,0.10784795,0.48716703,0.16709277,False
0,I13F,0.12646523,0.3555808,0.20458655,False
0,I13N,0.16434471,0.33836854,0.20789911,False
0,I13T,0.22297871,0.42498994,0.18863833,False
0,I13V,0.5468748,0.96555865,0.2041978,False
0,V14A,0.14743994,0.5438504,0.2174354,False
0,V14D,0.47471187,0.45049626,0.22703008,False
0,E15V,0.025172846,0.40636867,0.1658645,False
0,E15G,0.14491524,0.64383745,0.16801046,False
0,E15K,0.16884845,0.7783528,0.16214962,False
0,L16F,0.15743458,0.54045135,0.22448997,False
0,L16P,0.040784854,0.48978016,0.21983881,False
0,L16H,0.08192165,0.40158376,0.22363509,False
0,A17T,0.216085,0.40673828,0.16732432,False
0,E18D,0.6327686,0.56550336,0.18840635,False
0,E18G,0.9871751,0.6031223,0.19974506,False
0,E18V,0.266867,0.3329774,0.18753521,False
0,K19E,0.33749226,0.42468476,0.17670469,False
0,A20V,0.6898903,0.7484925,0.21358076,False
0,A20T,0.8571051,0.67440695,0.22668606,False
0,M21T,1.0800835,0.43706977,0.21102929,False
0,M21L,0.47000456,0.42817578,0.1864476,False
0,M21V,1.7773613,0.6038019,0.22041936,False
0,K22R,1.6347549,0.7249224,0.16058986,False
0,K22N,0.39935803,0.5376411,0.16653633,False
0,K22I,0.8225925,0.47168607,0.17679141,False
0,K22E,0.3938453,0.32267836,0.15887257,False
0,E23V,0.49982205,0.61371684,0.16323517,False
0,E23G,0.3451983,0.5128436,0.18582724,False
0,Y24C,0.23029888,0.6154854,0.2133117,False
0,Y24F,0.81248057,0.4873414,0.17959927,False
0,Y24H,0.3227753,0.50249815,0.18087775,False
0,G25R,0.2717387,0.15371455,0.18161061,False
0,G25E,0.33305043,0.17074601,0.16848367,False
0,E26V,0.10578745,0.4098472,0.18524723,False
0,E26G,0.62805766,0.4373488,0.20370393,False
0,E26K,0.18990667,0.41380036,0.19685453,False
0,D27V,0.9563347,0.59080017,0.21299532,False
0,D27G,1.0317135,0.5257658,0.19204408,False
0,D27N,0.53724855,0.771601,0.21039543,False
0,L28M,0.43208444,0.52049625,0.1738537,False
0,L28P,1.3411192,0.4974894,0.19717117,False
0,L28Q,2.6582644,0.51159954,0.18934773,False
0,L28R,0.9282813,0.38856083,0.18642876,False
0,K29E,0.21045083,0.53748506,0.19552135,False
0,K29N,1.334046,0.703262,0.2122509,False
0,K29R,1.803399,1.104763,0.19946486,False
0,K29I,0.56712705,0.61746913,0.21459459,False
0,I30F,6.3053102,0.3013166,0.19451728,False
0,I30V,1.0777844,0.8022384,0.21471235,False
0,I30T,0.58457935,0.4302305,0.19337808,False
0,E31D,0.35789186,0.413579,0.16895631,False
0,E31G,0.217172,0.45063773,0.2023788,False
0,E31V,1.1494291,0.4604547,0.21538423,False
0,T32A,0.6686974,0.45738512,0.2099823,False
0,N33I,0.09024682,0.32975137,0.1918741,False
0,N33S,0.16993122,0.43876022,0.17181027,False
0,N33D,0.10926954,0.37564212,0.1662176,False
0,N33Y,3.2077365,0.36697477,0.20587303,False
0,K34R,0.5397654,0.4947556,0.1598471,False
0,K34E,0.12269574,0.16907384,0.160178,False
0,F35S,0.1870374,0.28466707,0.19943881,False
0,F35Y,0.39575806,0.62032545,0.17105745,False
0,F35L,2.400816,0.41755533,0.16942501,False
0,A36T,0.7891463,0.31688446,0.17192532,False
0,A37T,0.20168975,0.32342866,0.17598495,False
0,A37S,0.19773394,0.5634629,0.18148279,False
0,A37V,0.1263241,0.36196333,0.19449499,False
0,I38V,1.3253152,0.60239303,0.1638543,False
0,I38T,0.24045129,0.26174468,0.19364953,False
0,I38M,0.6820027,0.2733293,0.17595589,False
0,I38L,1.5408231,0.40417266,0.16976087,False
0,C39R,0.16394179,0.3707767,0.23830914,False
0,C39Y,0.14871906,0.38123143,0.24755548,False
0,T40A,0.37481195,0.58230525,0.19766627,False
0,T40I,0.18009454,0.6010195,0.20528413,False
0,T40S,0.17639782,0.74206334,0.1850304,False
0,H41L,0.09589948,0.21631941,0.23272584,False
0,H41R,0.09085802,0.25905746,0.19387615,False
0,L42S,0.17057514,0.38424787,0.21188469,False
0,L42M,0.47535485,0.627075,0.21036555,False
0,E43D,0.032131005,0.4086718,0.17483824,False
0,E43V,0.0779133,0.26258785,0.18754762,False
0,E43G,0.111689486,0.30744416,0.19580968,False
0,V44M,0.10861294,0.4037918,0.1752649,False
0,V44A,0.54634154,0.56587934,0.1820156,False
0,C45R,0.08717062,0.28685406,0.18260676,False
0,C45Y,0.29107973,0.25182906,0.20323361,False
0,C45S,0.31397033,0.59053075,0.17975023,False
0,F46S,0.12563647,0.23176323,0.19573134,False
0,F46L,0.36496213,0.23356125,0.17341249,False
0,F46I,0.040299788,0.3044001,0.18612118,False
0,F46Y,0.11658568,0.39116755,0.18239465,False
0,F46V,0.07065664,0.48243725,0.20982601,False
0,M47L,0.08315724,0.4774673,0.203822,False
0,M47T,0.1349193,0.3390037,0.20489755,False
0,M47V,0.105426446,0.5059589,0.20587175,False
0,M47I,0.13260253,0.36239833,0.19766952,False
0,Y48F,0.92381454,0.2784456,0.18780452,False
0,Y48C,0.122934885,0.2795328,0.21345842,False
0,Y48H,0.17525057,0.15288804,0.19032286,False
0,Y48N,0.10382654,0.37095147,0.2209294,False
0,S49T,0.82768494,0.41597348,0.17196926,False
0,S49P,0.114180714,0.24008244,0.19076085,False
0,D50E,0.124973655,0.4891188,0.18821453,False
0,D50G,0.113808416,0.4315787,0.1888715,False
0,F51Y,0.47760266,0.56778646,0.21392165,False
0,F51I,0.03157156,0.2370419,0.19053496,False
0,F51S,0.07109445,0.25908554,0.2120457,False
0,F51L,0.68553364,0.32384986,0.18593733,False
0,H52R,0.12530512,0.3083523,0.20020138,False
0,H52L,0.09501608,0.20728086,0.18797445,False
0,F53L,0.06757935,0.4297291,0.17303284,False
0,F53S,0.09448451,0.33361986,0.18061218,False
0,F53Y,0.12559843,0.77726054,0.1956591,False
0,F53I,0.025518984,0.24234033,0.17073917,False
0,I54F,0.17969328,0.35741752,0.16078106,False
0,I54T,0.15954477,0.26252398,0.15727453,False
0,I54V,0.6874678,0.68607354,0.1578976,False
0,I54N,0.06649756,0.3964217,0.16802144,False
0,D55Y,0.07021216,0.50897723,0.23053631,False
0,D55N,0.23252007,0.5797459,0.19162461,False
0,D55G,0.22202791,0.3993522,0.19074793,False
0,D55E,0.12460967,0.29121572,0.18777657,False
0,D55V,0.08494552,0.4797966,0.19861032,False
0,E56V,0.8987354,0.6501014,0.20833711,False
0,E56K,0.10163244,0.6193916,0.20123564,False
0,E56G,0.30580103,0.6935906,0.191853,False
0,Q57H,0.5795746,0.60051835,0.19320229,False
0,Q57L,2.0888348,0.59917116,0.18249384,False
0,Q57R,0.90610325,0.56845546,0.18414643,False
0,G58C,1.0526443,0.505393,0.21399735,False
0,G58D,0.4652217,0.35811293,0.1885469,False
0,E59G,0.5168376,0.4999301,0.21104267,False
0,E59K,0.55090624,0.71276844,0.21924768,False
0,E59V,1.6446404,0.41391692,0.19671544,False
0,S60P,0.29159093,0.43981928,0.21084942,False
0,I61V,0.60941136,0.6727903,0.16729331,False
0,I61T,0.8207302,0.48064086,0.21145776,False
0,I61M,0.92822325,0.53624314,0.17381957,False
0,I61L,1.1212008,0.6988995,0.17405978,False
0,V62A,0.63869995,0.5519672,0.20224479,False
0,V62D,0.727961,0.38767934,0.21722248,False
0,V63A,0.31495228,0.6730671,0.22037068,False
0,V63E,0.14769727,0.37923142,0.22358987,False
0,V63I,0.9078399,0.55517346,0.21905424,False
0,E64D,0.16559166,0.6876212,0.19566715,False
0,E64G,0.08950189,0.84951526,0.19534092,False
0,E64V,0.08068643,0.36675733,0.1819525,False
0,L65F,0.3489957,0.79871476,0.21894072,False
0,L65H,0.12428488,0.6130388,0.21568583,False
0,L65P,0.4635005,0.7180865,0.21713635,False
0,G66D,0.6004071,0.71068203,0.22708538,False
0,D67E,0.047217805,0.4957476,0.18866603,False
0,D67G,0.13933122,0.37125227,0.18494824,False
0,D67N,0.19573319,0.5257333,0.16623603,False
0,D67V,0.08243257,0.62047195,0.20992765,False
0,P68L,0.14047885,0.57298625,0.20032795,False
0,P68S,0.18860877,0.61889684,0.20813254,False
0,N69D,0.1665379,0.327841,0.1768643,False
0,N69S,0.13434483,0.55165714,0.18788162,False
0,N69I,0.048885297,0.66287327,0.21546288,False
0,N69Y,0.04053473,0.45836586,0.21308386,False
0,A70V,1.8671238,0.43194494,0.17243575,False
0,A70T,0.6162167,0.68849874,0.19063817,False
0,L71H,0.031442758,0.50245255,0.2267832,False
0,L71P,0.1922892,0.38082433,0.20028874,False
0,L71F,0.16158997,0.7552726,0.22723083,False
0,L72S,0.10603305,0.2064997,0.17461137,False
0,L72M,0.56876415,0.4100346,0.16669744,False
0,K73M,0.1611814,0.48209924,0.15868616,False
0,K73R,0.25511038,0.5297328,0.16084053,False
0,K73E,0.113442205,0.35717008,0.15654185,False
0,H74L,0.2136003,0.30988958,0.18471459,False
0,H74Y,0.7047162,0.22269002,0.18716234,False
0,H74R,0.07837716,0.47961485,0.18421058,False
0,R75G,0.15887931,0.2722783,0.21852666,False
0,F76Y,0.043229707,0.9349598,0.20220873,False
0,F76I,0.030695952,0.337286,0.18096973,False
0,F76L,0.16420342,0.3922957,0.17644122,False
0,F76S,0.060447,0.32555112,0.18084125,False
0,E77G,0.15829937,0.6783519,0.20572236,False
0,E77D,0.15365233,0.61873454,0.19882755,False
0,E77V,0.16521002,0.4174862,0.16035125,False
0,I78L,0.31479454,0.516873,0.16372123,False
0,I78M,0.25245473,0.40821785,0.16926174,False
0,I78V,0.1562532,0.6647598,0.15744235,False
0,I79T,0.15531877,0.30573457,0.15957135,False
0,I79V,0.11287834,0.62173015,0.1591092,False
0,E80K,0.11251148,0.4292406,0.2113528,False
0,E80G,0.07736304,0.37915617,0.21445115,False
0,E80V,0.07535126,0.4681924,0.18879345,False
0,R82G,0.15020905,0.40603262,0.21483287,False
0,R82S,0.117673784,0.5788601,0.21563292,False
0,D83E,0.7382666,0.7000226,0.20451489,False
0,D83G,0.30666587,0.40789437,0.17228583,False
0,R84C,0.26454866,0.54101074,0.19878769,False
0,R84H,0.4499598,0.40199345,0.17807402,False
0,R84S,0.29842559,0.5565349,0.169156,False
0,T85A,0.5457009,0.83921003,0.21628572,False
0,T85I,1.1156944,0.92896485,0.20347469,False
0,T85S,0.6830395,0.867922,0.20436831,False
0,I86M,0.6785029,0.8497443,0.2257475,False
0,I86V,1.1039076,0.8970952,0.22440146,False
0,A87V,0.310756,0.31451482,0.19320855,False
0,A87T,0.25259435,0.33214313,0.17684314,False
0,W88L,0.36129463,0.39927247,0.19720548,False
0,W88R,0.34813792,0.32831815,0.1735532,False
0,W88C,0.09993381,0.4486364,0.20688586,False
0,V90A,1.0154781,0.2962228,0.19022727,False
0,C95R,0.1393603,0.24494833,0.21646847,False
0,C95Y,0.14208257,0.21564099,0.21466845,False
0,N96I,0.43806797,0.68060195,0.2060889,False
0,N96S,1.0737301,0.94814056,0.20136128,False
0,N96D,0.43174833,0.4481427,0.16213168,False
0,T97A,0.42125124,0.7896153,0.21420248,False
0,T98A,0.62802607,0.5347098,0.17975755,False
0,T98S,0.86795205,0.53073686,0.16521463,False
0,G99W,0.23959525,0.44519308,0.2277904,False
0,G99R,1.2629958,0.5602497,0.2197071,False
0,G99E,1.1668944,0.5506563,0.22086525,False
0,A100T,1.3987738,0.70615923,0.20957787,False
0,E101V,0.96079546,0.6486263,0.21229632,False
0,K104E,0.3786515,0.4320744,0.19778189,False
0,K104R,0.40859777,0.77685684,0.20842242,False
0,F105S,0.8153769,0.48885757,0.20998254,False
0,L106P,0.23016796,0.23008704,0.17026715,False
0,L106Q,0.39155844,0.30558956,0.17583679,False
0,L109M,0.17694974,0.52695626,0.1611775,False
0,L109S,0.22108184,0.31659567,0.19977956,False
0,Y110C,0.22299896,0.2817865,0.21431354,False
0,D111G,0.23794864,0.14553937,0.16001819,False
0,Y112C,0.46370444,0.09687042,0.19625774,False
0,K113E,0.23539312,0.4878606,0.16369641,False
0,K113M,0.2052516,0.53090775,0.17261322,False
0,K114E,0.99551755,0.6394728,0.18741594,False
0,K114M,0.74708015,0.5763033,0.19683637,False
0,K114R,0.85307115,0.68039286,0.1775188,False
0,F117S,0.15440713,0.31072533,0.19756038,False
0,I118T,0.11775441,0.7133267,0.20488086,False
0,E119V,0.05974852,0.23644416,0.18627569,False
0,E119G,0.3191833,0.24861039,0.20489073,False
0,I120T,0.105581865,0.3562599,0.17844903,False
0,V122A,0.4193857,0.38639137,0.1943116,False
0,T123A,0.15704821,0.44680265,0.17020695,False
0,R124W,0.111952424,0.23711626,0.19408126,False
0,R124G,0.15863791,0.29954305,0.20375492,False
0,R125G,0.13835034,0.20973283,0.21465786,False
0,E126G,1.6969395,0.42199653,0.21584612,False
0,H128R,2.3632202,0.47224325,0.21473305,False
0,I129L,0.28013638,0.6734217,0.22082655,False
0,I129V,0.94343144,0.69524574,0.191118,False
0,Y130H,0.39140254,0.34101176,0.18474554,False
0,Y131C,0.17562328,0.4492052,0.17848566,False
0,Y131H,0.2641903,0.31487143,0.18614706,False
0,L132Q,0.36044428,0.68116665,0.20301317,False
0,E133V,0.43336126,0.46089542,0.18025208,False
0,K134M,0.08034705,0.38598332,0.20100626,False
0,N136S,1.2077187,0.80297565,0.20610651,False
0,N136D,0.6293244,0.37409317,0.18326963,False
0,N136Y,1.4506916,0.599759,0.21070872,False
0,E141V,1.0895249,0.41107723,0.20268925,False
0,K142E,0.7268768,0.71742487,0.22117348,False
0,K142M,0.556786,0.7181307,0.22637978,False
0,K142R,1.3077471,0.86088085,0.21602727,False
0,H144L,0.2267524,0.31711525,0.21765524,False
0,H144R,0.19835857,0.37492502,0.20136756,False
0,H144Y,0.1938093,0.39282465,0.21789195,False
0,I145V,1.7392045,0.6048516,0.18457419,False
0,I145T,0.46466765,0.44648197,0.20813243,False
0,I145N,0.15567365,0.34843767,0.1883153,False
0,I145F,1.0831566,0.24246433,0.16769187,False
0,H146R,0.23486054,0.41970187,0.19666864,False
0,F148L,0.31686532,0.5234307,0.16488059,False
0,F148S,0.26855427,0.2889035,0.15724318,False
0,S149T,0.19320537,0.3386513,0.16149111,False
0,F150S,0.13857083,0.25665408,0.16661325,False
0,F150I,0.18184583,0.19990304,0.17801717,False
0,F150L,0.124405794,0.29131684,0.17718412,False
0,T151A,0.5348372,0.47337765,0.17947766,False
0,G152R,0.18130046,0.2467614,0.19936067,False
0,E153V,0.12954523,0.37980413,0.16406633,False
0,E153K,0.16940957,0.53947407,0.17750865,False
0,E154G,0.2659662,0.42377365,0.2080067,False
0,M155V,0.09373404,0.54849875,0.20144212,False
0,M155L,1.247348,0.5393908,0.2037071,False
0,A156T,0.31883124,0.582554,0.20192888,False
0,A156D,0.12583324,0.35997513,0.19911999,False
0,T157A,0.50665057,0.53985524,0.19106576,False
0,T157S,1.5417563,0.5453146,0.16898663,False
0,T157I,0.3148869,0.7262289,0.17284799,False
0,K158M,0.9426395,0.4584132,0.21886243,False
0,A159T,0.79050636,0.37406775,0.19826889,False
0,D160G,0.27362406,0.4510979,0.17803529,False
0,Y161C,0.16843046,0.30413002,0.18923336,False
0,Y161H,0.24682546,0.3271122,0.17385268,False
0,T162I,0.73893714,0.7090707,0.2195259,False
0,T162A,0.38394472,0.65936226,0.21825111,False
0,L163H,0.23367743,0.2990307,0.1852622,False
0,L163P,0.15055571,0.27007055,0.18250199,False
1,D164G,0.15548757,0.629079,0.18455705,False
1,D164N,0.46470365,0.6730032,0.18076131,False
1,E165D,0.6809577,0.69461316,0.13929173,False
1,E165G,0.18349855,0.67807466,0.15929237,False
1,E165V,0.22975145,0.65019,0.1569095,False
1,E166D,0.05785383,0.5858746,0.14489892,False
1,E166G,0.216079,0.58795214,0.15616974,False
1,S167N,0.1153774,0.50328535,0.18041718,False
1,R168W,0.08429555,0.20623106,0.18877861,False
1,R168K,0.13009763,0.3219464,0.18453333,False
1,R168M,0.13227944,0.3162502,0.17529967,False
1,A169T,0.04262412,0.49282283,0.1511555,False
1,A169V,0.056892842,0.45947558,0.15628853,False
1,R170W,0.06379115,0.14320529,0.15946898,False
1,R170M,0.031509392,0.20090255,0.16041985,False
1,R170K,0.055929027,0.2538632,0.15089342,False
1,R170G,0.09219279,0.19939214,0.16504478,False
1,I171N,0.07972796,0.22428267,0.15528631,False
1,I171T,0.098843314,0.34301636,0.15430734,False
1,I171V,0.4644856,0.5955441,0.13605675,False
1,I171F,0.08807147,0.39067233,0.15685037,False
1,K172E,0.081825756,0.22638386,0.16763663,False
1,K172I,1.9003944,0.39246,0.18141073,False
1,K172N,0.18637204,0.42182857,0.18391564,False
1,K172R,0.04613384,0.4962481,0.17183608,False
1,T173I,0.13276514,0.3552215,0.16317236,False
1,T173A,0.09704821,0.39061612,0.16032699,False
1,R174W,0.042902067,0.024186164,0.1910423,False
1,R174M,0.060635425,0.017151892,0.19102427,False
1,R174K,0.090120524,0.08409621,0.19127649,False
1,R174G,0.12465668,0.10628079,0.19093487,False
1,L175Q,0.071366265,0.31504002,0.16207588,False
1,L175P,0.10684959,0.17718378,0.15206194,False
1,L175I,0.13448636,0.30547822,0.15617737,False
1,F176Y,1.1645269,0.42888921,0.19344753,False
1,F176S,0.054094076,0.3216975,0.16083074,False
1,F176L,0.04291144,0.3242566,0.18392563,False
1,T177S,0.27515167,0.36364502,0.16248843,False
1,T177A,0.7088731,0.30892998,0.16272908,False
1,T177I,6.1925054,0.32945415,0.16567084,False
1,I178K,0.13848145,0.38648155,0.16714972,False
1,I178L,2.3006716,0.6250626,0.1671491,False
1,I178T,0.17128332,0.42424375,0.15908712,False
1,I178V,0.18333583,0.7519736,0.16186458,False
1,R179G,0.08534477,0.24609347,0.18534231,False
1,R179S,0.075530596,0.23733094,0.18144923,False
1,Q180R,0.060348198,0.42806095,0.17002127,False
1,Q180L,0.10875823,0.4160586,0.16898486,False
1,Q180H,0.9077043,0.413459,0.16770464,False
1,E181V,0.10949614,0.44711405,0.17778409,False
1,E181G,0.08008593,0.4207558,0.17744151,False
1,E181D,1.9411297,0.5110821,0.17632511,False
1,M182L,0.88095844,0.7616493,0.17706934,False
1,M182T,0.12910011,0.616217,0.17377588,False
1,M182V,0.11763024,0.7906594,0.17604014,False
1,M182I,0.2109225,0.6202323,0.17679995,False
1,A183T,0.103777766,0.55001533,0.16700166,False
1,S184C,1.4555751,0.7316351,0.171343,False
1,S184G,0.8567165,0.8115648,0.16622418,False
1,S184N,1.1069552,0.76631737,0.16797927,False
1,R185S,0.96517134,0.18716374,0.17590314,False
1,R185G,0.3693012,0.16789249,0.17604688,False
1,G186C,0.47633398,0.59084904,0.17182004,False
1,G186S,1.6896275,0.4969756,0.15720081,False
1,G186D,0.74053055,0.41748247,0.1646837,False
1,L187H,0.085156776,0.17587173,0.16226357,False
1,L187I,0.37780088,0.27335203,0.13628751,False
1,W188C,0.050181888,0.37968165,0.18505135,False
1,W188R,0.0652958,0.28934762,0.1798825,False
1,D189E,3.780603,0.5924207,0.16479266,False
1,D189G,0.2459181,0.6165342,0.16232565,False
1,D189N,0.16236015,0.58780324,0.14887491,False
1,S190T,0.17388608,0.6817806,0.15950203,False
1,S190P,0.7601391,0.41864225,0.15461382,False
1,F191Y,0.548177,0.4005314,0.17333457,False
1,F191S,0.053355284,0.29817325,0.15563077,False
1,F191L,0.10675923,0.38328433,0.16313273,False
1,F191I,0.069976136,0.33243853,0.15854347,False
1,R192H,1.0285237,0.14410716,0.18369797,False
1,Q193R,0.6728287,0.30242443,0.19597873,False
1,Q193L,0.40891042,0.34339002,0.19832581,False
1,Q193K,0.26192486,0.1599725,0.19099921,False
1,S194T,0.31611782,0.3939262,0.186699,False
1,S194P,0.097220205,0.22112702,0.18949395,False
1,S194F,0.07849927,0.30926758,0.19783652,False
1,E195G,0.10215991,0.5115872,0.17473799,False
1,E195K,0.10948289,0.4823936,0.1771779,False
1,E195V,0.047912017,0.3886463,0.16880381,False
1,R196S,0.5129679,0.41868806,0.17856765,False
1,G197S,0.13090256,0.34318873,0.20746765,False
1,G197D,0.3165318,0.21622331,0.2100555,False
1,G197C,0.13696875,0.23361728,0.21364105,False
1,E198G,0.16136482,0.45311067,0.18528774,False
1,E198D,0.26558194,0.5517497,0.18672872,False
1,E198V,0.18660095,0.54085684,0.18630585,False
1,E199G,0.40375823,0.48445466,0.18484756,False
1,E199V,0.6127789,0.4650318,0.18570107,False
1,T200S,0.63358814,0.34331977,0.18056041,False
1,T200A,0.08405459,0.27111843,0.17997617,False
1,T200I,0.35135666,0.26818797,0.1831609,False
1,I201F,0.20311509,0.7578061,0.16839367,False
1,I201N,0.28462645,0.5391985,0.17171416,False
1,I201T,0.43993518,0.5037707,0.16746527,False
1,I201V,0.63365775,0.8118495,0.16951987,False
1,E202V,0.08254382,0.47639447,0.18579483,False
1,E202G,0.20094551,0.46915087,0.18502617,False
1,E202D,0.42576274,0.48879915,0.18534422,False
1,E203V,0.057760824,0.4516947,0.16395229,False
1,E203G,0.11251135,0.44805622,0.1617113,False
1,E203D,0.16349834,0.43941152,0.16611978,False
1,R204G,0.82708704,0.4131406,0.16653368,False
1,R204S,5.9268904,0.44393146,0.16580907,False
1,F205Y,0.34454125,0.5845639,0.17970729,False
1,F205S,0.08902748,0.4446519,0.17209458,False
1,F205L,0.765619,0.5742017,0.17375234,False
1,E206V,0.5366592,0.5002947,0.1609003,False
1,E206G,0.45841464,0.5009022,0.1604228,False
1,E206D,1.505779,0.5565247,0.1609925,False
1,I207T,0.2670925,0.3903697,0.15212229,False
1,I207V,1.1408743,0.7661933,0.15301004,False
1,I207N,0.09896449,0.47514772,0.15677273,False
1,T208A,0.6585859,0.6401693,0.16993934,False
1,T208S,0.65119904,0.69577575,0.16967419,False
1,G209R,0.25937575,0.44808948,0.15466398,False
1,T210S,0.25809643,0.45306915,0.16116026,False
1,T210I,1.6219648,0.44937655,0.16366953,False
1,T210A,0.70317197,0.5276401,0.14765224,False
1,M211T,0.681951,0.4210703,0.16938943,False
1,M211V,0.24268793,0.57560444,0.17152733,False
1,M211K,0.15548953,0.42279047,0.17040554,False
1,M211I,0.6834286,0.5231745,0.17172444,False
1,M211L,0.43946964,0.5662285,0.1713807,False
1,R212L,0.80519927,0.39562765,0.1852656,False
1,R212C,0.5979321,0.34126303,0.18964773,False
1,R212H,0.6359731,0.36820778,0.1861147,False
1,K213M,1.2179105,0.5645683,0.15638164,False
1,K213R,1.2541546,0.8656356,0.15126717,False
1,K213E,0.67576855,0.40179843,0.15298066,False
1,L214F,0.6997458,0.49564773,0.17569754,False
1,L214H,0.040312193,0.34419137,0.17388603,False
1,L214P,0.0776035,0.33064857,0.16992223,False
1,A215D,0.047949787,0.41692153,0.19266379,False
1,A215T,0.42359072,0.54099876,0.18402964,False
1,D216N,1.1456139,0.53626484,0.17010495,False
1,D216V,1.225656,0.43414506,0.16703302,False
1,D216G,0.9399987,0.45136797,0.16616985,False
1,D216Y,1.3750341,0.3364937,0.18248779,False
1,Q217H,0.9173774,0.47900897,0.1813482,False
1,Q217L,1.2037759,0.48035997,0.1790326,False
1,Q217R,0.4096833,0.45121792,0.17948797,False
1,S218C,0.08906443,0.42085552,0.18645796,False
1,L219P,0.078671366,0.23452081,0.15820935,False
1,L219H,0.05255415,0.22297028,0.16300869,False
1,P220T,0.070657745,0.36372352,0.14577723,False
1,P220S,0.11674522,0.39848608,0.14589334,False
1,P220L,0.07292959,0.31378663,0.14765799,False
1,P220Q,0.038653404,0.124430306,0.15818208,False
1,P221T,0.42103112,0.6005539,0.16008711,False
1,P221S,0.28657198,0.5498368,0.15063721,False
1,P221L,0.29960826,0.45343417,0.16188315,False
1,N222D,0.5572053,0.23397039,0.17882651,False
1,N222S,0.7068928,0.37563664,0.17952609,False
1,F223I,0.5524872,0.21423893,0.1592477,False
1,F223L,0.3968713,0.3440686,0.16267693,False
1,F223S,0.36729312,0.24367636,0.16185656,False
1,F223Y,0.48081627,0.41419014,0.16886333,False
1,S224P,0.8664008,0.584137,0.16954637,False
1,S224F,1.0202292,0.65272903,0.17517436,False
1,S224T,1.073374,0.8074896,0.17044193,False
1,S225N,0.66787934,0.34578577,0.181829,False
1,S225G,1.0733377,0.32394534,0.1758511,False
1,S225C,1.0702294,0.44331545,0.18258059,False
1,L226H,0.97626394,0.25859737,0.1758047,False
1,L226I,1.0626788,0.420748,0.17703977,False
1,E227G,1.1609743,0.74268013,0.15851387,False
1,E227D,0.77449,0.75048417,0.16066846,False
1,E227V,0.7011385,0.65912294,0.15883756,False
1,K228E,0.6319792,0.37217212,0.18352172,False
1,K228R,1.490829,0.627866,0.1826995,False
1,K228T,0.061904173,0.5033275,0.18470374,False
1,K228I,1.3464594,0.41280276,0.1826126,False
1,F229L,1.0166591,0.26814887,0.16242677,False
1,F229S,0.06467351,0.12336995,0.16636628,False
1,R230I,0.14175656,0.45122048,0.17359594,False
1,R230S,0.34874058,0.42039528,0.16762948,False
1,R230G,0.22959599,0.42983243,0.16781026,False
1,A231T,0.6344249,0.7413084,0.15873623,False
1,A231S,0.75447094,0.68275607,0.16040358,False
1,A231D,0.21523729,0.5051116,0.16415995,False
1,A231V,0.77494085,0.66429317,0.16111359,False
1,Y232N,0.082459725,0.26876244,0.21014243,False
1,Y232F,0.6411313,0.4286878,0.19861919,False
1,Y232C,0.18389821,0.22591685,0.19938472,False
1,V233M,0.1964748,0.5312689,0.1830307,False
1,V233E,0.07310129,0.34971058,0.18284976,False
1,V233A,0.792554,0.47641063,0.17855361,False
1,D234N,0.9927799,0.67999303,0.16284925,False
1,D234G,0.77379364,0.7206388,0.15914872,False
1,D234V,0.16984916,0.67755497,0.16135919,False
1,D234Y,0.3065925,0.59044254,0.1731765,False
1,D234E,0.6654062,0.5886362,0.15975407,False
1,G235E,0.16061777,0.4171735,0.18562165,False
1,F236Y,0.9198067,0.3322032,0.17194608,False
1,F236S,0.103019126,0.18581873,0.17784572,False
1,F236L,0.22396542,0.32047018,0.17863238,False
1,F236I,0.14749616,0.21605517,0.17982739,False
1,E237D,0.58225656,0.78156894,0.1642797,False
1,E237G,0.39168638,0.75244606,0.16918582,False
1,E237V,1.1201721,0.85064554,0.1695736,False
1,P238Q,1.2110716,0.4551621,0.18793243,False
1,P238S,1.0054985,0.52537006,0.17513016,False
1,P238L,0.39378393,0.4672886,0.17776018,False
1,N239Y,1.5415404,0.47322172,0.18000814,False
1,N239D,0.12371858,0.32876554,0.1717991,False
1,N239I,1.3091851,0.38663948,0.17330438,False
1,N239S,1.0556952,0.4369579,0.17140666,False
1,G240S,0.36515683,0.34052846,0.16243657,False
1,G240D,0.19606788,0.2999133,0.17875162,False
1,Y241C,0.47451398,0.43712592,0.19329867,False
1,Y241F,0.69908464,0.44672364,0.1869879,False
1,Y241N,0.2115219,0.26024482,0.20073229,False
1,I242T,0.14975058,0.3272528,0.17169943,False
1,I242N,0.068825945,0.37696582,0.17717057,False
1,I242F,0.12183347,0.53601927,0.16847432,False
1,I242V,0.44968542,0.51757616,0.1581907,False
1,E243G,0.5925372,0.492841,0.17109254,False
1,E243K,0.3236388,0.36829132,0.1662083,False
1,E243V,1.2033486,0.49548727,0.17230046,False
1,K245R,0.5175669,0.5528235,0.17083627,False
1,K245M,0.7010629,0.3163669,0.1804047,False
1,K245E,0.09016861,0.25223476,0.18190953,False
1,L246P,0.1553055,0.3256343,0.17014876,False
1,L246F,0.16551886,0.27557105,0.14915538,False
1,S247T,0.22005816,0.64725316,0.17129263,False
1,S247P,0.54753387,0.49309427,0.17214116,False
1,S247Y,0.12639102,0.47516513,0.18584388,False
1,Q248R,0.103593975,0.3986042,0.1741083,False
1,Q248L,1.1158242,0.4392259,0.17350858,False
1,Q248H,0.6963294,0.3103449,0.17534891,False
1,M249I,0.25095317,0.5484943,0.185612,False
1,M249V,0.46610615,0.650415,0.18564129,False
1,M249T,0.17634192,0.47111368,0.18336809,False
1,M249L,1.440353,0.64372134,0.18525618,False
1,S250P,0.79171085,0.43299747,0.1863873,False
1,S250F,0.3634746,0.45438778,0.1918559,False
1,S250T,0.4539943,0.6642326,0.18928212,False
1,K251N,0.2990329,0.60338026,0.17012033,False
1,K251I,0.09766091,0.50735056,0.16777763,False
1,K251E,0.35394093,0.4766967,0.16377059,False
1,K251R,1.4918864,0.8347937,0.16614023,False
1,E252V,0.8907132,0.5317576,0.16999358,False
1,E252D,1.1394764,0.5614267,0.16160792,False
1,E252G,0.75754577,0.60195625,0.16977543,False
1,V253A,0.28532743,0.34023765,0.17104778,False
1,N254S,2.0711014,0.6630565,0.16757438,False
1,N254Y,0.55988365,0.62200296,0.17585495,False
1,N254K,1.1302221,0.46161187,0.17330274,False
1,N254D,0.8641077,0.47125486,0.16761944,False
1,A255V,0.14204797,0.33954585,0.17135379,False
1,A255T,0.14051522,0.38701862,0.17002788,False
1,R256G,0.66493016,0.52289367,0.16425869,False
1,R256K,0.3630318,0.7116896,0.16579431,False
1,R256S,0.85038966,0.52378964,0.1632775,False
1,I257V,0.40909138,0.7601743,0.17395636,False
1,I257T,0.096849404,0.47731036,0.17368308,False
1,I257F,0.6441167,0.7386717,0.17673716,False
1,E258V,0.58504796,0.74985933,0.16790262,False
1,E258G,0.25099778,0.6553477,0.16695988,False
1,E258D,0.4510319,0.87787193,0.17008477,False
1,F260I,0.8579953,0.26956826,0.16356444,False
1,F260Y,0.109370045,0.39058465,0.16642153,False
1,F260S,0.06301214,0.21702841,0.15704182,False
1,F260L,0.45597458,0.3995552,0.15978289,False
1,L261S,0.79486954,0.60641766,0.18399209,False
1,L261M,0.79396397,0.63883996,0.1844478,False
1,K262N,0.789445,0.55897814,0.18833789,False
1,K262I,0.6125772,0.4755243,0.18698016,False
1,K262E,0.61949724,0.40829343,0.18475336,False
1,K262R,1.3732042,0.82658255,0.18480846,False
1,S263P,0.5376929,0.57155776,0.16946328,False
1,S263L,0.6902814,0.6249788,0.17614406,False
1,S263T,0.7630038,0.99283683,0.17018774,False
1,T264A,0.24172238,0.4763587,0.16821474,False
1,T264I,0.0892673,0.4635854,0.17090589,False
1,T264S,0.49380696,0.6072762,0.16923001,False
1,P265L,0.22377698,0.3965065,0.20457363,False
1,P265Q,0.081173204,0.37964922,0.21486434,False
1,P265S,0.34296593,0.47110277,0.20180202,False
1,R266L,0.5907388,0.27051172,0.18015087,False
1,R266Q,0.43479928,0.23067647,0.19080311,False
1,P267S,1.2267605,0.64273,0.17125589,False
1,P267L,0.56404144,0.53947073,0.17343181,False
1,L268F,0.8541616,0.48061466,0.16199267,False
1,L268P,0.0858033,0.3993738,0.17100954,False
1,L268H,0.16136011,0.3281859,0.17465627,False
1,R269S,0.9662897,0.29765636,0.16843095,False
1,R269G,1.040028,0.31717956,0.16872543,False
1,L270H,0.6619091,0.19981632,0.15064201,False
1,L270P,0.3375238,0.2022676,0.14602757,False
1,P271Q,0.47040975,0.16502562,0.15790257,False
1,P271L,0.6446061,0.1349661,0.14900357,False
1,D272G,1.0503901,0.67795897,0.16986385,False
1,D272E,0.8090629,0.5720583,0.17174935,False
1,D272Y,0.38214555,0.5325316,0.18126446,False
1,D272V,0.5272419,0.6273005,0.17070854,False
1,D272N,1.8523124,0.6405452,0.17355338,False
1,G273V,0.22987497,0.2087602,0.1480326,False
1,G273E,0.3281618,0.21997425,0.140504,False
1,P274H,0.6081554,0.52521217,0.18061566,False
1,P275L,0.64480776,0.62499195,0.18990692,False
1,C276Y,0.12831059,0.5138803,0.19348118,False
1,C276S,1.3310844,0.5441891,0.17578268,False
1,S277P,0.87518317,0.427113,0.19291106,False
1,S277T,0.7935134,0.6722282,0.19389585,False
1,S277Y,0.7430247,0.5681782,0.20860833,False
1,Q278R,0.2155692,0.36078724,0.20991674,False
1,Q278H,0.1653907,0.33233395,0.2124972,False
1,Q278L,0.029499756,0.38655698,0.21030778,False
1,R279Q,0.114223205,0.20300375,0.19472742,False
1,R279L,0.012853066,0.24584606,0.18266618,False
1,S280P,0.16945729,0.25654298,0.16166219,False
1,S280F,0.2293303,0.3743307,0.16961452,False
1,S280T,0.9792085,0.43578377,0.15728179,False
1,K281I,0.0,0.33670247,0.17963809,False
1,K281E,0.036576424,0.42014712,0.17475131,False
1,K281R,0.1920757,0.41149968,0.15522242,False
1,F282L,0.14195335,0.28574723,0.15117359,False
1,F282Y,4.3701844,0.17369021,0.14565971,False
1,F282S,0.19472326,0.18134086,0.15097713,False
1,L283Q,0.04736593,0.24849294,0.14503545,False
1,L283P,0.080547765,0.16126724,0.14942461,False
1,L283M,0.6623222,0.3803565,0.13316962,False
1,L284Q,0.53619,0.43555012,0.16524807,False
1,L284P,0.09686343,0.25577992,0.1542879,False
1,L284M,0.7689712,0.5468794,0.1574175,False
1,M285T,0.21282299,0.26129416,0.18167418,False
1,M285V,0.26326445,0.2956659,0.18522945,False
1,M285L,0.27314022,0.3143664,0.18376079,False
1,M285K,0.568728,0.23088178,0.18261579,False
1,M285I,0.1960548,0.31467703,0.18367499,False
1,D286E,0.5063341,0.27953172,0.1810152,False
1,D286G,0.1931217,0.39966053,0.16450998,False
1,D286N,0.50284487,0.34162062,0.18358469,False
1,D286V,0.068163894,0.36762363,0.17174605,False
1,D286Y,0.045246247,0.2531718,0.1978539,False
1,A287V,0.041589595,0.4278789,0.17832333,False
1,A287T,0.8316864,0.45329702,0.17180157,False
1,L288F,0.26343483,0.33661267,0.17462364,False
1,L288S,0.5179365,0.3270153,0.17516887,False
1,L288I,0.17014179,0.2899016,0.17610031,False
1,K289E,0.09646909,0.47673213,0.15789092,False
1,K289R,0.2864188,0.7663269,0.14966941,False
1,L290F,0.3669717,0.15159827,0.13699868,False
1,L290I,0.17221099,0.17528085,0.12530273,False
1,S291C,1.289764,0.43334365,0.1829702,False
1,S291G,0.5931034,0.6211942,0.17388168,False
1,S291N,0.79531467,0.3806713,0.18016067,False
1,I292V,1.1101933,0.7342359,0.14929923,False
1,I292T,0.84139925,0.27433077,0.15299436,False
1,I292N,0.6236646,0.30741024,0.15779254,False
1,I292F,0.62911516,0.4927199,0.15930298,False
1,E293V,0.48217982,0.49609104,0.17489636,False
1,D294G,0.30489162,0.34418824,0.16820031,False
1,D294V,0.31386906,0.3478677,0.16913131,False
1,D294N,0.55226046,0.42322117,0.17275468,False
1,P295T,0.38563564,0.48746476,0.14861608,False
1,P295S,0.5706352,0.36374217,0.15194678,False
1,P295L,1.0350708,0.31080306,0.15131238,False
1,S296N,0.63491505,0.29766217,0.18276301,False
1,S296G,0.93789005,0.1979595,0.16641426,False
1,S296C,0.3938346,0.46158034,0.18436843,False
1,S296R,0.65740997,0.16768345,0.17419964,False
1,H297L,0.4082499,0.4140713,0.17667285,False
1,H297Q,0.12736472,0.40278727,0.17475858,False
1,H297R,0.08810991,0.5950601,0.16477343,False
1,H297Y,0.69537073,0.4419464,0.17056611,False
1,E298V,0.57752615,0.4561901,0.18008018,False
1,E298G,0.64292413,0.4870621,0.1805583,False
1,E298K,0.2833677,0.35410142,0.16617781,False
1,G299R,0.3816455,0.25279325,0.13724333,False
1,E300G,0.5032702,0.32894152,0.16789857,False
1,E300V,0.5644521,0.2563987,0.16655904,False
1,E300D,0.14184779,0.5519812,0.15109521,False
2,G301E,0.07210906,0.21669397,0.19834083,False
2,G301R,0.097762465,0.26608023,0.20796607,False
2,G301V,0.008699865,0.25066945,0.21080787,False
2,I302V,1.3329688,0.40089393,0.20215556,False
2,I302T,0.23186222,0.14818622,0.21709986,False
2,I302M,0.33519047,0.32208976,0.2024989,False
2,I302L,0.32793012,0.30049515,0.20335959,False
2,P303S,0.11130544,0.40971452,0.21214288,False
2,P303L,0.1544956,0.40223068,0.2230176,False
2,P303Q,0.06883724,0.34834698,0.20903505,False
2,L304I,0.55918074,0.5231966,0.2498329,False
2,L304Q,0.36314645,0.4964135,0.25798923,False
2,Y305F,0.89353085,0.6372193,0.22121596,False
2,Y305H,0.89379406,0.63059306,0.25968602,False
2,Y305C,1.088901,0.5031353,0.2596635,False
2,D306N,0.15923674,0.43717775,0.21561772,False
2,D306V,0.07419971,0.32252213,0.21847688,False
2,D306G,0.11134426,0.22530499,0.21638262,False
2,D306E,0.13255927,0.36100578,0.22512528,False
2,I308V,0.8535613,0.63450223,0.24460317,False
2,I308F,0.38717702,0.58430374,0.2503481,False
2,I308T,0.5924737,0.4664093,0.24819162,False
2,I308N,0.8361347,0.4913923,0.24713714,False
2,K309R,0.6909077,0.61386806,0.19973044,False
2,K309N,0.34257507,0.44593567,0.21720591,False
2,K309E,0.3645863,0.40004694,0.21426965,False
2,K309I,0.52065665,0.39435005,0.22493602,False
2,C310S,0.22226351,0.51279247,0.2447084,False
2,C310R,0.1094954,0.31889266,0.24476084,False
2,C310Y,0.086584754,0.15051341,0.23016892,False
2,M311T,0.42808157,0.48558918,0.24848005,False
2,M311V,0.5762714,0.50874275,0.2477037,False
2,M311K,0.22740819,0.42676163,0.2516004,False
2,M311I,0.6673083,0.6334542,0.24094084,False
2,M311L,0.95048404,0.615003,0.23765567,False
2,R312G,0.53405267,0.43295944,0.23455453,False
2,R312S,0.40259254,0.5556398,0.24285205,False
2,T313S,1.0684063,0.4389659,0.2197363,False
2,T313I,0.3311611,0.6581917,0.23334366,False
2,T313A,0.35056186,0.33568332,0.20803839,False
2,F314Y,0.26522198,0.49643946,0.21986681,False
2,F314S,0.34006855,0.30779293,0.24686338,False
2,F314L,0.4426532,0.37718552,0.22812214,False
2,F314I,0.32711652,0.3191854,0.24642184,False
2,F315L,0.735489,0.62057126,0.25259557,False
2,F315S,0.4853235,0.48712337,0.25213602,False
2,F315I,0.68310744,0.4867354,0.25165766,False
2,F315Y,0.8264071,0.70876265,0.25807878,False
2,G316E,0.33102372,0.23370565,0.222841,False
2,G316V,0.087303825,0.3695227,0.25472787,False
2,W317L,0.46764833,0.31342813,0.24974108,False
2,W317R,0.13248712,0.392824,0.25170046,False
2,W317C,0.15686136,0.328385,0.25999808,False
2,K318E,0.19061115,0.3634004,0.23584592,False
2,K318M,0.12233794,0.5284307,0.2505814,False
2,K318N,0.088490285,0.42565307,0.24930221,False
2,K318R,0.55903214,0.54483414,0.20954062,False
2,E319V,0.18670262,0.5017914,0.24725166,False
2,E319D,0.6989427,0.5737096,0.22237964,False
2,E319G,0.43632975,0.5147528,0.24376634,False
2,P320H,0.05772317,0.2368398,0.24890915,False
2,P320L,0.1648474,0.4155997,0.24958235,False
2,P320S,0.39847222,0.3920204,0.24584351,False
2,N321S,0.8989858,0.7186446,0.25301954,False
2,N321I,0.87730503,0.67396605,0.25609815,False
2,N321Y,1.2864959,0.80102617,0.26238725,False
2,N321D,0.85632426,0.5257547,0.253875,False
2,V322A,0.24305128,0.4057135,0.21700278,False
2,V322D,0.09926021,0.28708678,0.22110474,False
2,V323A,1.2579356,0.57029366,0.25115177,False
2,K324R,0.524033,0.41222104,0.22471513,False
2,K324E,0.262763,0.25103092,0.23655988,False
2,P325S,0.71831644,0.6582434,0.21428242,False
2,P325Q,0.6539012,0.53661364,0.21237175,False
2,P325L,0.46068868,0.6431268,0.2456075,False
2,H326Y,0.02994943,0.5088972,0.2231552,False
2,E327G,0.54375637,0.5451691,0.24518758,False
2,E327K,0.88458824,0.43498474,0.23880324,False
2,K328E,0.68391263,0.44103462,0.20901102,False
2,G329E,0.17317015,0.36800626,0.23041108,False
2,I330V,1.0099628,0.53764486,0.20732924,False
2,N331Y,0.5214419,0.2503652,0.22344159,False
2,N331S,1.1485308,0.2933202,0.24522993,False
2,N331K,0.300011,0.21928509,0.24525064,False
2,N331D,0.6419152,0.17142993,0.20120868,False
2,N333Y,0.26178712,0.47266644,0.22741668,False
2,N333D,0.12977669,0.29737332,0.2021061,False
2,Y334H,0.30693138,0.28310606,0.20599973,False
2,L335H,0.4461985,0.30064884,0.21302623,False
2,L335P,0.20530905,0.35920173,0.2225014,False
2,L336P,0.15794207,0.37442344,0.24463388,False
2,L336Q,1.895762,0.6275562,0.2560364,False
2,S337P,0.118752524,0.5187936,0.24717036,False
2,S337T,1.5264693,0.8684162,0.20568572,False
2,W338L,0.03361023,0.22100195,0.20954019,False
2,W338R,0.047656797,0.19402513,0.20303665,False
2,K339R,0.92681146,0.69367015,0.22252513,False
2,K339E,0.48652917,0.37293798,0.2498478,False
2,K339M,0.44760776,0.44208276,0.22411877,False
2,Q340L,0.21461825,0.441354,0.2557003,False
2,Q340H,0.22294578,0.40399522,0.21900631,False
2,Q340R,0.2082582,0.28103226,0.2521175,False
2,V341A,0.25298998,0.42090046,0.24422488,False
2,V341I,0.4062649,0.5405177,0.2502284,False
2,L342P,0.09929262,0.17560598,0.22197373,False
2,L342Q,0.9371276,0.49696568,0.24464116,False
2,A343S,0.77963203,0.77344984,0.24299382,False
2,A343E,1.1329004,0.69158757,0.25180677,False
2,A343V,0.8290667,0.6128193,0.24923454,False
2,A343T,1.194962,0.71311104,0.24544305,False
2,E344K,0.9734703,0.38652146,0.24751621,False
2,E344D,0.71152645,0.59293944,0.2435717,False
2,E344G,0.78090554,0.47210377,0.23963025,False
2,E344V,0.84814936,0.5740094,0.25059706,False
2,L345Q,0.091140725,0.48374838,0.24443352,False
2,L345P,0.06480826,0.34508952,0.241052,False
2,Q346H,0.47103685,0.6798927,0.23274605,False
2,Q346R,1.205062,0.520032,0.24209835,False
2,Q346L,1.087521,0.6260421,0.23371074,False
2,D347G,0.8516083,0.59866905,0.25006002,False
2,D347N,0.58001786,0.5874218,0.24254018,False
2,D347V,0.41971713,0.49100426,0.2278128,False
2,I348N,0.85004705,0.47944742,0.2429936,False
2,I348T,0.80489117,0.37891984,0.24227944,False
2,I348V,1.0079187,0.5653367,0.23973241,False
2,E349V,1.1499479,0.5157548,0.23309031,False
2,E349G,1.1380435,0.46034133,0.2467527,False
2,E349K,2.4602687,0.32641914,0.24276367,False
2,N350Y,0.20156121,0.6624323,0.257709,False
2,N350S,0.671755,0.6930566,0.24356666,False
2,N350I,1.347611,0.5881447,0.25252467,False
2,N350D,0.7262476,0.581581,0.24686807,False
2,E351V,2.190887,0.51588655,0.25531828,False
2,E351G,1.1349038,0.49491942,0.25195295,False
2,E351D,0.91246754,0.57182044,0.2506877,False
2,E352G,0.31119713,0.69053394,0.21852496,False
2,E352V,0.63548285,0.5767578,0.24642536,False
2,K353N,0.35464197,0.73868877,0.23272437,False
2,K353R,1.4888963,0.7628469,0.20682423,False
2,K353I,0.4196031,0.5257942,0.2329115,False
2,K353E,0.687131,0.5579338,0.23177904,False
2,I354V,2.9551892,0.77716625,0.21930698,False
2,I354T,1.0428526,0.4717762,0.23993313,False
2,I354N,0.3244901,0.3937963,0.24234591,False
2,R356K,0.5820314,0.5836086,0.20630386,False
2,R356W,0.42897886,0.5323063,0.2467489,False
2,R356G,0.42821226,0.42952964,0.22545193,False
2,T357A,0.35870567,0.6273147,0.2476852,False
2,K358R,0.90544045,0.711354,0.25020075,False
2,K358E,0.18841815,0.35346147,0.24853334,False
2,N359I,1.7698566,0.4801582,0.24344087,False
2,N359Y,0.8652452,0.59282565,0.23882674,False
2,N359D,0.5567054,0.53424406,0.22101635,False
2,M360K,0.23681709,0.48869258,0.25243288,False
2,M360V,1.1511576,0.5334598,0.24303785,False
2,M360T,0.21460447,0.4132644,0.2515557,False
2,K361E,0.75837094,0.40569758,0.2259896,False
2,K361M,0.60752016,0.5035651,0.2167859,False
2,K361R,1.1001182,0.77633333,0.2353203,False
2,K362E,0.5126407,0.34807655,0.22068007,False
2,K362N,0.9399042,0.42926246,0.22676247,False
2,K362R,1.0916259,0.6667977,0.22433111,False
2,T363A,0.18824442,0.43113256,0.20355569,False
2,T363S,1.4852418,0.47257227,0.22982807,False
2,S364G,1.2940614,0.61196995,0.24919549,False
2,S364N,0.7262661,0.6364425,0.24945351,False
2,S364R,0.73300296,0.5849242,0.25227195,False
2,S364C,1.0496784,0.6461965,0.25594866,False
2,Q365L,0.19122311,0.2612011,0.23343545,False
2,Q365R,0.35915107,0.3960631,0.25610077,False
2,L366S,0.06944185,0.17806983,0.21666794,False
2,L366I,0.35493794,0.25019157,0.19334982,False
2,L366F,0.5545262,0.46429998,0.2114151,False
2,K367R,0.81825346,0.7841281,0.20986411,False
2,K367M,0.2070363,0.70158863,0.20343284,False
2,K367E,0.21728894,0.33312884,0.1999712,False
2,W368R,0.17198259,0.1828431,0.20554847,False
2,W368C,0.2609846,0.23613816,0.21393003,False
2,A369T,0.64492255,0.45365852,0.21280804,False
2,L370H,0.095494546,0.32593933,0.22919135,False
2,L370F,0.26596382,0.39056337,0.2004832,False
2,L370P,0.050944068,0.23600963,0.2292327,False
2,G371S,0.057778593,0.2692874,0.22564884,False
2,G371D,0.03775396,0.29344723,0.21284872,False
2,G371C,0.05181756,0.4109474,0.24942994,False
2,E372V,0.5993924,0.26602775,0.21034317,False
2,E372G,0.3487047,0.42649373,0.24233805,False
2,N373Y,0.3626214,0.59516937,0.24334618,False
2,N373I,0.094663665,0.35458282,0.23802385,False
2,N373S,0.8987209,0.5481776,0.22889781,False
2,N373D,0.259266,0.49084717,0.22856483,False
2,M374T,0.40945995,0.49606985,0.24422151,False
2,M374V,0.4814889,0.5049406,0.24129635,False
2,M374I,0.5360202,0.5162435,0.23722267,False
2,M374K,0.33093855,0.35905406,0.22949958,False
2,M374L,0.44818458,0.57359755,0.23595454,False
2,A375V,0.11138122,0.44450334,0.21025467,False
2,A375T,0.07369415,0.39177343,0.20160754,False
2,P376S,0.13923009,0.46410617,0.2052821,False
2,P376L,0.216742,0.4160622,0.21559268,False
2,E377D,0.14453134,0.46859658,0.2025747,False
2,E377G,0.5128543,0.43554235,0.23953347,False
2,E377V,0.39262152,0.48653728,0.22046763,False
2,K378M,0.2585931,0.5457208,0.19806159,False
2,K378R,0.5894694,0.62318075,0.19189888,False
2,K378E,0.09254968,0.3912901,0.19380186,False
2,V379A,0.28867197,0.47343287,0.23135293,False
2,D380G,0.9771494,0.40853137,0.20526062,False
2,F381L,0.6128527,0.41311952,0.22700253,False
2,F381S,0.09123438,0.15491176,0.21990676,False
2,F381Y,0.88983387,0.41764075,0.2348965,False
2,F381I,0.5909384,0.32351252,0.22131447,False
2,D382G,2.7595387,0.45221782,0.20438,False
2,D382V,1.3078344,0.45985746,0.22991997,False
2,D383E,1.2764955,0.6668894,0.20316693,False
2,D383V,0.9727197,0.4532185,0.21394284,False
2,D383G,0.8746918,0.3474297,0.21165852,False
2,D383N,1.544511,0.6931273,0.20532331,False
2,C384R,0.34540403,0.32295135,0.22052802,False
2,C384S,0.77416605,0.488335,0.2545745,False
2,K385R,1.3687037,0.6723649,0.19253887,False
2,K385N,0.21851332,0.36712086,0.21967566,False
2,K385I,0.39778933,0.51816666,0.21866034,False
2,K385E,0.23890862,0.28223962,0.21532871,False
2,D386E,0.6490853,0.38324198,0.23031649,False
2,D386V,0.96386856,0.2993058,0.22230656,False
2,D386G,1.2636166,0.32826215,0.23701587,False
2,V387A,0.6123748,0.45916414,0.2155302,False
2,V387E,0.26860964,0.39097577,0.24123393,False
2,G388C,0.5810996,0.49637705,0.22445674,False
2,G388D,1.0420281,0.48206896,0.21117897,False
2,G388S,1.237305,0.6373796,0.20849898,False
2,D389E,0.5140033,0.19180968,0.22904724,False
2,D389N,0.31602862,0.32127097,0.23725171,False
2,D389V,0.037883695,0.24043375,0.22861698,False
2,D389G,0.31548113,0.31472367,0.21363851,False
2,D389Y,0.013711636,0.33185858,0.23671857,False
2,L390S,0.026415756,0.23283029,0.23498285,False
2,L390M,0.8581916,0.38036904,0.21208797,False
2,K391E,0.9057046,0.4437542,0.23465577,False
2,K391M,0.8969807,0.68275875,0.23440365,False
2,K391R,1.4996692,0.9076773,0.2268574,False
2,Q392H,0.044486698,0.36124584,0.22847451,False
2,Q392L,0.11807772,0.3811618,0.24847344,False
2,Q392R,0.051533584,0.41271096,0.25938597,False
2,Y393N,0.383986,0.3059754,0.23224904,False
2,Y393C,0.2580665,0.4357772,0.24635985,False
2,Y393F,0.90781826,0.6126306,0.21791014,False
2,Y393H,0.29941,0.31196368,0.22225268,False
2,D394V,1.6651719,0.56116074,0.24823344,False
2,D394G,1.4706086,0.50439674,0.24031428,False
2,D394E,1.1489103,0.7181604,0.24890968,False
2,S395C,0.5939738,0.8060726,0.24949473,False
2,S395G,0.6507387,0.6313073,0.23854002,False
2,S395N,1.256479,0.49581367,0.22873227,False
2,D396V,1.0746179,0.4525722,0.2530976,False
2,D396N,0.45828116,0.540684,0.25264806,False
2,D396G,0.69508344,0.35097104,0.24737778,False
2,E397V,0.96778744,0.6914067,0.24012995,False
2,E397D,0.45752636,0.55728066,0.23187226,False
2,E397G,0.55333334,0.6585167,0.2475622,False
2,P398Q,0.095372155,0.24178244,0.20889655,False
2,P398S,0.033575036,0.37109464,0.22454397,False
2,E399G,0.89017683,0.5515717,0.24277689,False
2,L400S,1.1726755,0.61268705,0.25260887,False
2,R401W,0.13930888,0.19294801,0.24604645,False
2,R401K,0.47161615,0.42633906,0.22307262,False
2,R401G,0.6407802,0.3102818,0.25719127,False
2,S402P,0.090620615,0.34830365,0.24734572,False
2,S402T,0.46594474,0.46227324,0.24851164,False
2,L403P,1.088005,0.40763754,0.24036497,False
2,L403F,0.8145433,0.39560527,0.20325059,False
2,L403H,0.5663547,0.14688082,0.22736552,False
2,L403I,1.0626328,0.5192202,0.23270446,False
2,A404V,0.8776128,0.4080286,0.20342787,False
2,A404T,1.1473798,0.46419138,0.20941955,False
2,S405G,0.6807732,0.56023884,0.22862867,False
2,S405R,0.114305355,0.5340448,0.22177379,False
2,S405C,0.4763496,0.72256374,0.25523084,False
2,W406R,0.16546528,0.22114888,0.24893174,False
2,I407N,0.25112906,0.30031857,0.2348727,False
2,I407T,0.5776329,0.3053218,0.2258583,False
2,Q408H,0.22996311,0.54788077,0.22287895,False
2,Q408L,0.19122836,0.37153548,0.24472249,False
2,N409S,0.86515224,0.7662004,0.24929097,False
2,N409Y,0.44515803,0.6489667,0.2556626,False
2,N409D,0.3056933,0.41819745,0.22174422,False
2,N409I,0.22431254,0.5519465,0.2498934,False
2,E410G,0.23274544,0.46181044,0.22335182,False
2,E410V,0.07716643,0.38617572,0.20985042,False
2,F411I,0.34490725,0.26433903,0.23708686,False
2,F411Y,0.5842448,0.55151737,0.22337857,False
2,F411S,0.09701073,0.2815021,0.2321369,False
2,F411L,0.3092309,0.39408544,0.24214256,False
2,N412I,0.079542115,0.4115431,0.24859415,False
2,N412S,0.14652514,0.6878096,0.21269381,False
2,N412Y,0.07402902,0.5510199,0.2405397,False
2,N412D,0.16617155,0.3556658,0.2167653,False
2,K413E,0.11787778,0.18517263,0.23534498,False
2,K413N,0.048853636,0.34649593,0.23820807,False
2,K413R,0.208974,0.43033117,0.20580345,False
2,K413M,0.03990928,0.30268237,0.21110313,False
2,A414V,0.24887799,0.41343346,0.24779682,False
2,A414T,0.5194631,0.45139146,0.24471676,False
2,C415Y,0.15456164,0.42215323,0.24901399,False
2,C415S,0.6502154,0.5733181,0.26185316,False
2,C415R,0.12307906,0.32609344,0.2597897,False
2,E416D,0.3344317,0.48164624,0.19779657,False
2,E416G,0.19622579,0.32849288,0.23244125,False
2,E416K,0.12450471,0.26678592,0.207834,False
2,E416V,0.07311812,0.44465622,0.21112049,False
2,L417P,0.19995002,0.3963717,0.24495168,False
2,L417Q,0.37448657,0.38828588,0.23984908,False
2,T418I,0.3268616,0.49352986,0.21624933,False
2,T418A,0.3993961,0.49836123,0.20366824,False
2,T418S,0.36151585,0.51931393,0.20317174,False
2,D419G,0.37444916,0.49621445,0.24426904,False
2,D419N,0.6275914,0.52729046,0.24705307,False
2,D419V,0.7999709,0.37159386,0.24473464,False
2,D419Y,0.2644946,0.50510144,0.25640094,False
2,D419E,0.6287167,0.50480604,0.2233641,False
2,S420P,0.13962094,0.19207424,0.20615327,False
2,S420T,0.33182243,0.54058564,0.21265128,False
2,S421C,0.8885532,0.6344601,0.24405737,False
2,S421G,1.4201518,0.58938384,0.24647897,False
2,S421N,0.29668438,0.57648057,0.20532459,False
2,S421R,0.89661443,0.63845336,0.22237378,False
2,W422R,0.09044088,0.2323564,0.23423392,False
2,W422C,0.22471006,0.4949805,0.23507166,False
2,W422L,0.04448707,0.3272041,0.24262156,False
2,I423M,0.5018648,0.46894553,0.19817881,False
2,I423T,0.5166975,0.3166852,0.19520718,False
2,I423L,0.97902554,0.5231736,0.20824817,False
2,I423V,1.134127,0.5815717,0.19733423,False
2,E424G,0.22729404,0.53219736,0.21609387,False
2,E424V,0.20818509,0.3569866,0.20156631,False
2,L425P,0.20730552,0.24364972,0.23808143,False
2,L425H,0.22271584,0.19997644,0.20878868,False
2,L425F,0.29414347,0.3021146,0.20250621,False
2,D426G,0.13951696,0.24119338,0.22532661,False
2,D426E,0.48117596,0.4382582,0.23879975,False
2,D426V,0.19171375,0.33018607,0.25052154,False
2,D426N,0.18576382,0.39722168,0.24936646,False
2,E427G,0.1932132,0.5053548,0.2511152,False
2,E427V,0.14779106,0.34403992,0.21063699,False
2,I428F,0.17451684,0.6000009,0.24540475,False
2,I428V,0.53514975,0.6080831,0.21707292,False
2,I428T,0.15182213,0.50516486,0.24960871,False
2,I428N,0.0889111,0.5502736,0.2531755,False
2,G429R,0.08881676,0.3562319,0.22893868,False
2,G429E,0.11360262,0.21222678,0.22656798,False
2,E430G,0.12879953,0.5491197,0.23004207,False
2,E430V,0.5232704,0.4550565,0.22504087,False
2,E430D,0.7963104,0.5438814,0.22480391,False
2,D431G,0.2774353,0.42715847,0.21491227,False
2,D431E,0.34313464,0.35102558,0.23405889,False
2,A432E,0.24618495,0.7365947,0.2515597,False
2,A432T,0.5597874,0.69650906,0.2399964,False
2,A433T,0.096132435,0.44064584,0.21114975,False
2,A433V,0.13272385,0.33685085,0.21263303,False
2,A433D,0.03210515,0.3248693,0.23974574,False
2,P434S,0.2254899,0.54035985,0.238278,False
2,P434L,0.15656003,0.39257923,0.20143533,False
2,I435F,0.04359855,0.4467269,0.2075526,False
2,I435N,0.095609024,0.37665963,0.2096156,False
2,I435T,0.078432605,0.3370519,0.19697492,False
2,I435V,0.2254532,0.52130663,0.19537564,False
2,E436D,0.06868297,0.43028527,0.20202208,False
2,E436G,0.098253496,0.28022015,0.20949914,False
2,E436V,0.077510774,0.28666824,0.20651658,False
2,H437R,0.22990978,0.5285634,0.20782475,False
2,H437L,0.27175796,0.36924163,0.20790957,False
2,H437Y,0.8713942,0.66795546,0.2117189,False
2,I438F,0.2257082,0.5032393,0.20438755,False
2,I438N,0.14588751,0.49961787,0.21520284,False
2,I438T,0.12757394,0.4528508,0.19647995,False
2,I438V,0.4425345,0.627928,0.19366884,False
3,A439V,0.21984518,0.31830752,0.19693041,False
3,A439T,0.16793302,0.3646608,0.21363027,False
3,S440N,0.12843938,0.41108924,0.1996403,False
3,S440G,0.25396335,0.48025683,0.20100728,False
3,S440C,0.16684112,0.44902658,0.20280275,False
3,S440I,0.09969881,0.5584802,0.20548491,False
3,M441V,0.2268289,0.50236565,0.253398,False
3,M441T,0.7936077,0.49753088,0.2545418,False
3,M441L,1.0462037,0.58272964,0.25767532,False
3,M441K,0.95580894,0.520504,0.25739583,False
3,R442G,0.19251248,0.21175988,0.23982668,False
3,R442S,0.16048977,0.3917868,0.23995076,False
3,R443W,0.06498317,0.2345231,0.22964977,False
3,R443G,0.36915702,0.3551303,0.25908872,False
3,N444Y,0.31429392,0.6441224,0.25397727,False
3,N444S,0.6814772,0.5787641,0.22453718,False
3,N444D,1.2652872,0.41909838,0.20131677,False
3,Y445C,0.49327344,0.30989683,0.25133127,False
3,F446I,0.16018553,0.3079863,0.2220328,False
3,F446L,0.11078603,0.37568724,0.24279591,False
3,F446Y,0.15167002,0.56781095,0.21176857,False
3,F446S,0.1567469,0.19790612,0.21411502,False
3,T447S,1.024547,0.55021375,0.23882191,False
3,T447I,0.463697,0.41126174,0.22173306,False
3,T447A,0.65309966,0.31343395,0.21014439,False
3,A448S,0.31764925,0.6004283,0.23721246,False
3,A448T,1.302251,0.6283104,0.23429604,False
3,A448V,0.841203,0.64296454,0.22135244,False
3,E449G,0.18071096,0.4211509,0.2418875,False
3,E449V,0.19545779,0.4593975,0.20444542,False
3,V450M,0.11967323,0.31269628,0.2131153,False
3,V450E,0.11867466,0.2576543,0.21990776,False
3,V450A,0.31905922,0.41709563,0.21957693,False
3,S451Y,0.21560124,0.48191756,0.25553483,False
3,S451T,0.9587632,0.7844676,0.25375652,False
3,S451P,0.1962703,0.5392927,0.25416887,False
3,S451F,0.34218165,0.4496979,0.22486246,False
3,H452Y,0.28690186,0.47494033,0.21400343,False
3,H452Q,0.20702311,0.62396026,0.24260648,False
3,H452R,0.8127287,0.63541186,0.22535431,False
3,H452L,0.24867931,0.36002603,0.22702946,False
3,C453S,1.2182678,0.37970448,0.23405129,False
3,C453R,0.11081767,0.19546346,0.21321975,False
3,R454G,0.19030973,0.40863314,0.2638317,False
3,R454I,0.11457358,0.36276868,0.24202794,False
3,R454S,0.1403183,0.44950995,0.22115377,False
3,A455T,0.334114,0.6317486,0.2170688,False
3,A455V,0.61907864,0.34027615,0.22092016,False
3,T456S,0.35481134,0.68648,0.2141992,False
3,T456I,0.69716763,0.57820827,0.22253653,False
3,T456A,0.5111227,0.44084197,0.21439753,False
3,E457D,0.080149,0.2288819,0.19935355,False
3,E457V,0.12607479,0.2853322,0.19746335,False
3,E457G,0.13477229,0.41085202,0.21617195,False
3,Y458H,0.19955815,0.29996777,0.23377988,False
3,Y458F,0.57322294,0.63036215,0.22657348,False
3,Y458C,0.18049674,0.14458054,0.2484057,False
3,I459V,0.4079828,0.5623766,0.19744428,False
3,I459M,0.80168504,0.55307823,0.21682322,False
3,I459K,0.09535736,0.21752724,0.2119135,False
3,I459T,0.30285996,0.4902322,0.20643303,False
3,I459L,0.4104418,0.43700758,0.20223519,False
3,M460V,1.0421169,0.5572947,0.2591464,False
3,M460L,0.733409,0.49284387,0.24766131,False
3,M460T,0.44352967,0.5935322,0.26017803,False
3,K461E,0.14275652,0.26601866,0.20204589,False
3,K461M,0.1256616,0.32450393,0.2404194,False
3,K461R,0.34585428,0.7723424,0.20875075,False
3,G462R,0.2095657,0.28991485,0.24575514,False
3,G462V,0.02469524,0.24794856,0.24749774,False
3,G462E,0.06894393,0.37395144,0.26606026,False
3,V463M,0.61028934,0.25838155,0.20676741,False
3,V463E,0.045344595,0.21253341,0.2117491,False
3,V463A,0.34066764,0.290406,0.19968545,False
3,Y464N,0.19303842,0.3019843,0.23176406,False
3,Y464H,0.26965943,0.3956579,0.21934038,False
3,Y464C,0.58928263,0.36315274,0.25219774,False
3,Y464F,0.20764777,0.6968756,0.2234511,False
3,I465N,0.27874276,0.34321484,0.22857769,False
3,I465V,0.8916201,1.001343,0.20724222,False
3,I465T,0.5953482,0.4912153,0.21430977,False
3,I465F,0.21498501,0.7212869,0.21389194,False
3,N466I,0.117414676,0.38357934,0.22920959,False
3,N466S,0.6692785,0.61150575,0.21172091,False
3,N466Y,0.44636256,0.7728532,0.23744051,False
3,N466D,0.060500253,0.26212525,0.20527287,False
3,T467I,0.11532271,0.67388666,0.20067798,False
3,T467A,0.24843928,0.5206624,0.2026782,False
3,A468T,0.23966208,0.38915065,0.20709774,False
3,A468V,0.13865627,0.313342,0.20636176,False
3,L469S,0.12324761,0.37395546,0.25115788,False
3,L469M,2.2355275,0.58598673,0.19568282,False
3,L470F,0.14319853,0.20312025,0.22452265,False
3,L470P,0.095776364,0.17033187,0.2541784,False
3,L470H,0.026781784,0.31079212,0.24911688,False
3,N471Y,0.9580433,0.84332573,0.22095972,False
3,N471S,0.3371241,0.5370493,0.20598559,False
3,N471D,0.08157104,0.40337867,0.21090841,False
3,N471I,0.12651597,0.503585,0.21966617,False
3,A472V,0.30590883,0.42236057,0.22235505,False
3,A472T,0.44721207,0.5466503,0.21221782,False
3,S473F,0.13214055,0.414837,0.23926046,False
3,S473T,0.119107395,0.43781674,0.1992284,False
3,S473P,0.1245526,0.16683769,0.20099993,False
3,C474R,0.18598247,0.31972682,0.23170325,False
3,C474S,0.7891143,0.5673382,0.23777412,False
3,A475T,0.53039414,0.6644676,0.24723823,False
3,A476V,0.6796466,0.33538023,0.22149219,False
3,A476S,1.9415245,0.65052974,0.2209783,False
3,M477T,0.15145119,0.45367524,0.26583403,False
3,M477I,0.14119807,0.49645934,0.26308984,False
3,M477K,0.06922766,0.45516258,0.26405725,False
3,M477L,0.08538901,0.5234318,0.26300946,False
3,M477V,0.13426255,0.68321556,0.2680825,False
3,D478G,0.14758517,0.8188782,0.22347423,False
3,D478V,0.07144263,0.6227586,0.25359836,False
3,D478N,0.34994936,0.6084031,0.25339228,False
3,D479G,0.25653246,0.79755473,0.25077665,False
3,F480I,0.5211401,0.2592889,0.24028075,False
3,F480L,0.49312136,0.43235683,0.23610488,False
3,F480Y,0.9433852,0.58682746,0.21203609,False
3,F480S,0.2944386,0.27304485,0.22405322,False
3,Q481R,0.25245026,0.31272542,0.23831926,False
3,Q481L,0.17060605,0.5044026,0.26022488,False
3,L482I,0.73790216,0.26342857,0.24086192,False
3,L482S,0.26007766,0.28896666,0.25178277,False
3,P484T,0.110172905,0.38134164,0.24542794,False
3,P484Q,0.08463072,0.1375961,0.23561685,False
3,P484S,0.23097366,0.47910896,0.2561528,False
3,M485V,0.44944802,0.36657465,0.2298944,False
3,M485T,0.13266091,0.34611842,0.2272542,False
3,M485L,0.6398796,0.4375777,0.22911467,False
3,M485K,0.11528648,0.32301578,0.23184402,False
3,I486L,0.7001009,0.49295646,0.21202831,False
3,I486M,0.830468,0.47721368,0.20477356,False
3,I486V,0.681273,0.6787013,0.21169512,False
3,S487N,1.051192,0.5104648,0.21478668,False
3,K488R,0.2362288,0.60804534,0.21499287,False
3,K488M,0.024843082,0.49654463,0.25340974,False
3,C489Y,0.09394386,0.37555054,0.26148897,False
3,C489R,0.13686864,0.6889732,0.26112437,False
3,C489S,0.31529984,0.5551777,0.23917049,False
3,K492M,0.12762265,0.6852728,0.25645804,False
3,K492R,1.4373202,0.85346085,0.23826954,False
3,K492T,0.55973256,0.63545567,0.2594816,False
3,E493V,0.3591968,0.43353474,0.2287952,False
3,E493K,0.12410686,0.5779024,0.224724,False
3,E493G,1.1755106,0.40457094,0.22057834,False
3,G494R,0.10294705,0.47310054,0.22503194,False
3,R495W,0.9032682,0.3428091,0.25542226,False
3,R495M,0.42862335,0.27917862,0.22912396,False
3,R495K,0.32021907,0.4369552,0.2359733,False
3,R495G,0.55314827,0.40204203,0.24679361,False
3,K497R,0.44448102,0.7571272,0.21892425,False
3,K497M,0.13000102,0.51633346,0.2319014,False
3,K497E,0.090305075,0.48245242,0.22805475,False
3,T498S,0.36690867,0.4789825,0.20463273,False
3,T498I,0.19310991,0.52214116,0.22513606,False
3,T498A,0.22202094,0.42832422,0.19962838,False
3,N499S,0.37094775,0.8296424,0.23672445,False
3,N499Y,0.113456085,0.3341546,0.24285273,False
3,N499K,0.054051977,0.43456987,0.24211964,False
3,N499D,0.07567042,0.3254744,0.21661007,False
3,N499I,0.2051649,0.35822824,0.25975415,False
3,L500S,0.042258963,0.3102824,0.22642182,False
3,L500M,0.23412727,0.2508003,0.2106001,False
3,Y501F,0.06617132,0.36180606,0.22193915,False
3,Y501H,0.078694075,0.24310337,0.22096853,False
3,Y501C,0.10334558,0.14416565,0.22934611,False
3,G502S,0.05458467,0.39079538,0.20200932,False
3,G502D,0.08717822,0.2219344,0.20093565,False
3,G502C,0.050604194,0.3249121,0.21115209,False
3,F503Y,0.5747016,0.9045896,0.22507173,False
3,F503I,0.08877532,0.46699756,0.25959817,False
3,F503L,0.124571405,0.4579377,0.24580637,False
3,F503S,0.058316138,0.33433184,0.21967925,False
3,I504T,0.2780968,0.31017882,0.20626277,False
3,I504V,0.5481545,0.7586144,0.1906063,False
3,I504N,0.070021994,0.42550227,0.21976368,False
3,I505M,0.20150796,0.4351439,0.21260667,False
3,I505V,1.0751233,0.758283,0.20367584,False
3,I505K,0.025698414,0.35356963,0.22453704,False
3,I505L,0.447339,0.46394953,0.21666923,False
3,I505T,0.086736865,0.3754186,0.21436661,False
3,K506I,0.2608381,0.3271401,0.21113701,False
3,K506E,0.099335544,0.3307627,0.20363496,False
3,K506R,0.15429464,0.52454686,0.2116887,False
3,K506N,0.17559922,0.36235517,0.20245203,False
3,R508G,0.3306967,0.57809854,0.2540633,False
3,R508S,0.106889956,0.82177484,0.2497885,False
3,S509F,0.0698213,0.3309596,0.24665569,False
3,S509P,0.053061806,0.20411983,0.2146811,False
3,H510Y,0.045524992,0.24812624,0.23374692,False
3,H510R,0.04319,0.44921696,0.21081784,False
3,H510L,0.02374003,0.2836824,0.21361879,False
3,L511V,0.05594244,0.30611685,0.22218803,False
3,L511S,0.06664144,0.42425263,0.2115893,False
3,L511I,0.16943309,0.3243612,0.21815178,False
3,L511F,0.06729855,0.28037006,0.209682,False
3,R512W,0.013561821,0.5627396,0.23882149,False
3,R512G,0.10565074,0.7864486,0.25818172,False
3,N513S,0.46990275,0.53681123,0.2084632,False
3,N513D,0.10625509,0.31086707,0.19428875,False
3,N513I,0.73100525,0.31949425,0.23208357,False
3,N513Y,0.43217742,0.5481845,0.20298544,False
3,N513K,0.6179788,0.4380149,0.22203018,False
3,D514G,0.38446522,0.3861072,0.212185,False
3,D514N,0.10901596,0.36797267,0.20591031,False
3,D514V,0.050834995,0.3886313,0.21030596,False
3,T515I,0.26902384,0.551123,0.22418275,False
3,T515A,0.09647684,0.5095662,0.20462687,False
3,T515S,0.14492501,0.4166771,0.19825923,False
3,D516Y,0.09448016,0.35902923,0.22425307,False
3,D516G,0.076881826,0.3419746,0.22170056,False
3,D516V,0.06269762,0.32620746,0.20802513,False
3,D516E,0.031218985,0.33406925,0.22499788,False
3,D516N,0.52926296,0.32981777,0.21607165,False
3,V517E,0.014098881,0.33465493,0.21446107,False
3,V517M,0.19822383,0.40910673,0.21229447,False
3,V517A,0.07452268,0.48357365,0.20539212,False
3,V518A,0.3692007,0.3737671,0.20740344,False
3,V518I,0.25869113,0.4444253,0.20767006,False
3,N519D,0.16420697,0.43420064,0.20128426,False
3,N519I,0.12886392,0.5706906,0.2220044,False
3,N519S,0.3848594,0.57100993,0.22183672,False
3,F520Y,1.0237817,0.61415637,0.216615,False
3,F520L,0.37742355,0.5750143,0.25098443,False
3,F520S,0.06765901,0.26279852,0.24209063,False
3,F520I,0.22030514,0.42924467,0.25284767,False
3,V521M,0.7812495,0.26276758,0.23359682,False
3,V521A,0.17008206,0.38072747,0.21362385,False
3,V521E,0.07250294,0.3543082,0.22606316,False
3,S522G,0.1157047,0.58570755,0.20414022,False
3,S522N,0.09717847,0.5071376,0.21226586,False
3,S522I,0.046540234,0.5284052,0.20426068,False
3,S522C,0.15564974,0.56404674,0.21840493,False
3,M523T,0.10456188,0.27194786,0.21433371,False
3,M523L,0.5424624,0.46825644,0.22633588,False
3,M523V,0.118084446,0.42259043,0.22226804,False
3,M523K,0.059198532,0.28535807,0.21892764,False
3,M523I,0.092925556,0.39810807,0.22769524,False
3,E524K,0.052181076,0.258793,0.20466161,False
3,E524G,0.053149335,0.27837047,0.24754582,False
3,E524V,0.032260373,0.3540643,0.24445425,False
3,F525S,0.068782076,0.30993113,0.2503193,False
3,F525V,0.098092765,0.55583715,0.27027446,False
3,F525Y,0.15758266,0.7395132,0.2436204,False
3,F525L,0.29583374,0.4348894,0.26206845,False
3,S526T,0.05058497,0.45874718,0.20188373,False
3,S526P,0.07319857,0.2817679,0.20397127,False
3,L527H,0.21671039,0.24473752,0.20324202,False
3,L527F,0.46801728,0.22647274,0.20088561,False
3,L527P,0.13919678,0.3050486,0.2337497,False
3,L527I,0.25561106,0.30474284,0.18959521,False
3,T528A,0.29693574,0.4037216,0.19952148,False
3,T528I,0.6301547,0.5421105,0.2035168,False
3,T528S,0.35603428,0.37831256,0.20231031,False
3,D529G,0.057229914,0.38240314,0.20504239,False
3,D529N,0.769839,0.38977733,0.21171711,False
3,D529V,0.039664395,0.37714902,0.20312822,False
3,P530S,0.1264489,0.37626392,0.20157541,False
3,P530T,0.015279763,0.26074576,0.2173411,False
3,P530L,0.05787777,0.25561142,0.221952,False
3,R531S,0.47174942,0.6485987,0.24410155,False
3,R531G,0.24249166,0.5491342,0.25749207,False
3,L532P,0.5879182,0.45562616,0.25444674,False
3,L532H,0.4880811,0.3549382,0.25615382,False
3,L532F,0.8596002,0.50564927,0.20976005,False
3,E533D,0.81926167,0.42211205,0.1931422,False
3,E533K,0.16554497,0.3595327,0.21437281,False
3,E533V,0.26984572,0.32716608,0.20474894,False
3,E533G,0.251615,0.41426945,0.23821594,False
3,P534S,1.1775084,0.5470916,0.2515854,False
3,P534L,0.3572563,0.46440142,0.24304415,False
3,H535Y,0.47683507,0.57234573,0.263405,False
3,H535R,1.4488231,0.558852,0.22318442,False
3,H535L,0.41357717,0.47831813,0.2501462,False
3,K536E,0.09578519,0.43286276,0.25392488,False
3,K536I,0.40935528,0.516997,0.21606658,False
3,K536N,0.03873112,0.4569965,0.23811513,False
3,K536R,0.46612212,0.6307272,0.21468204,False
3,W537C,0.0487081,0.22580212,0.24950397,False
3,W537R,0.06799284,0.21774796,0.23979297,False
3,E538G,1.170567,0.46320647,0.20886283,False
3,E538V,0.7905077,0.4563645,0.19042169,False
3,E538K,0.2806317,0.39441356,0.19517137,False
3,K539R,0.668852,0.6350117,0.20775734,False
3,K539M,0.081914246,0.33213076,0.22236542,False
3,K539E,0.03704973,0.23535962,0.21744338,False
3,Y540C,0.06777576,0.4762179,0.22814937,False
3,Y540F,0.9273212,0.49323952,0.2229462,False
3,Y540H,0.3470797,0.3869022,0.21071368,False
3,C541R,0.09332085,0.24887528,0.22755516,False
3,C541S,0.4585884,0.5749096,0.24390729,False
3,C541Y,0.5148372,0.3021067,0.23479252,False
3,V542I,0.36350107,0.53593385,0.26065573,False
3,V542A,0.29459044,0.5507059,0.25551796,False
3,L543P,0.04408185,0.26908663,0.2256305,False
3,L543H,0.048529465,0.21513353,0.24356665,False
3,E544D,0.32550454,0.30761617,0.21803749,False
3,E544G,0.5884871,0.13302085,0.22339328,False
3,E544K,0.9694903,0.2588612,0.20860441,False
3,E544V,0.35978526,0.15944059,0.21523054,False
3,V545I,0.46001053,0.75796723,0.2596959,False
3,V545E,0.03248597,0.4156718,0.258286,False
3,V545A,0.16248283,0.50645196,0.25515518,False
3,G546R,0.06254829,0.517055,0.23112123,False
3,D547G,0.19861817,0.3780117,0.23806033,False
3,D547Y,0.19215594,0.41678676,0.22169958,False
3,D547V,0.95400375,0.6349627,0.24486072,False
3,M548V,0.36053264,0.590697,0.23484439,False
3,M548I,0.66745543,0.4760267,0.23318577,False
3,M548T,0.13086073,0.43697554,0.23879176,False
3,M548K,0.107297465,0.43902832,0.24496311,False
3,L549P,0.28955874,0.42467216,0.25409254,False
3,L549H,0.6395731,0.55014324,0.25589854,False
3,L549F,0.501961,0.48844868,0.22147791,False
3,L549I,0.6312089,0.71046567,0.2419471,False
3,L550Q,0.15255798,0.5921403,0.23566952,False
3,L550P,0.059447225,0.45429897,0.24770465,False
3,R551S,0.030815186,0.5669061,0.1983406,False
3,R551G,0.044360965,0.42502484,0.2027742,False
3,S552C,0.9729251,0.5615312,0.2565652,False
3,S552N,0.7040936,0.4599882,0.22817223,False
3,S552R,0.47791934,0.44618285,0.21399651,False
3,S552G,0.4106024,0.45340922,0.21542463,False
3,A553V,0.09215494,0.6311307,0.25008953,False
3,A553S,1.0786632,0.68440783,0.21175551,False
3,I554V,0.30582723,0.66126394,0.20773506,False
3,I554L,0.27813712,0.542608,0.2145833,False
3,I554T,0.15220684,0.5628108,0.21890119,False
3,I554K,0.052865896,0.34273744,0.21585217,False
3,G555S,0.14606784,0.5476944,0.24288727,False
3,G555D,0.12986521,0.44711822,0.23342137,False
3,G555C,0.69318336,0.46621132,0.25465167,False
3,H556Y,0.751821,0.6311893,0.25273612,False
3,H556R,0.4196638,0.76280403,0.25622886,False
3,H556Q,0.5676238,0.7524441,0.25817436,False
3,H556L,0.5171883,0.84868354,0.26012135,False
3,V557E,0.052522305,0.65669405,0.24727377,False
3,V557A,0.5984434,0.7115198,0.24791047,False
3,S558P,0.102306366,0.6398267,0.24915613,False
3,S558T,0.92989534,0.76226735,0.23990875,False
3,S558L,0.252161,0.7557347,0.26217827,False
3,R559G,0.07279305,0.46736693,0.25726414,False
3,R559W,0.0467819,0.46169016,0.26033244,False
3,P560S,1.8514408,0.39147264,0.20775607,False
3,P560L,0.0775356,0.32350254,0.2432803,False
3,M561V,3.5477512,0.45283848,0.22526865,False
3,M561T,0.71401423,0.46917516,0.22015373,False
3,F562Y,0.2168053,0.4122003,0.22183129,False
3,F562S,0.11946796,0.2235505,0.22647387,False
3,F562L,0.11187112,0.40070224,0.23518042,False
3,L563S,0.12713815,0.30684912,0.2025004,False
3,L563M,0.4046714,0.3198003,0.20395747,False
3,Y564C,0.1471322,0.26192653,0.24477072,False
3,Y564H,0.13435045,0.31452662,0.21333942,False
3,Y564F,0.85253114,0.46028,0.21507002,False
3,Y564N,0.06460495,0.22329544,0.22047672,False
3,V565A,0.41895872,0.37121183,0.23484533,False
3,V565E,0.053812474,0.22813398,0.23888315,False
3,V565M,1.3670382,0.4330749,0.21237305,False
3,R566W,0.057357512,0.23205602,0.24098271,False
3,R566G,0.064444885,0.32425871,0.21825856,False
3,T567S,0.45385227,0.47828442,0.20174527,False
3,T567I,0.19502462,0.68962276,0.2626559,False
3,N568S,0.18594195,0.42045435,0.23313922,False
3,N568I,0.11861166,0.44386998,0.25857043,False
3,N568D,0.12923674,0.31777024,0.21939304,False
3,N568Y,0.039925348,0.4957262,0.23987497,False
3,G569R,0.0731084,0.29245707,0.21629632,False
3,G569E,0.20903984,0.40977308,0.20134947,False
3,T570S,1.1014782,0.59688467,0.19593802,False
3,T570A,0.23353758,0.4962625,0.20594138,False
3,T570I,0.79980963,0.5708371,0.22727554,False
3,S571T,0.15638939,0.5469162,0.21422268,False
3,S571P,0.32533526,0.40523165,0.22194496,False
3,K572E,0.11934458,0.36668515,0.20351882,False
3,I573T,0.29945934,0.55649054,0.20985655,False
3,K574I,0.044473827,0.451101,0.19934846,False
3,K574R,0.6551035,0.5346301,0.19679667,False
3,K574N,0.14315343,0.50825584,0.2132064,False
3,M575T,0.26284397,0.4860498,0.25250626,False
3,M575V,0.07735208,0.5166478,0.24953978,False
3,K576I,0.09534911,0.39343825,0.21314788,False
3,K576E,0.08984523,0.36078528,0.19823802,False
3,K576R,0.36522266,0.62719536,0.20728374,False
3,W577R,0.0955062,0.36761272,0.23955972,False
3,W577C,0.5023861,0.37540185,0.22100724,False
3,G578V,0.368591,0.19501066,0.20784946,False
3,G578R,0.3282365,0.20824984,0.2047945,False
3,G578E,0.11303977,0.40044588,0.20604722,False
4,M579I,0.4880185,0.34389004,0.23577714,False
4,M579K,0.40365747,0.33379745,0.24685721,False
4,M579L,0.72589225,0.41833407,0.23697385,False
4,M579T,0.32763585,0.29171598,0.23953922,False
4,M579V,0.40736705,0.44733253,0.24115978,False
4,E580D,0.55423826,0.44615692,0.20100372,False
4,E580K,0.09671736,0.41172004,0.19643036,False
4,E580G,0.37798578,0.5561466,0.20445861,False
4,E580V,0.31371048,0.46984795,0.20614186,False
4,M581V,1.3411597,0.62102604,0.21289846,False
4,M581T,0.71293133,0.4988348,0.23899017,False
4,M581L,0.64823365,0.70445204,0.21045466,False
4,R582G,0.16821301,0.2645869,0.24991053,False
4,R582W,0.051960453,0.15680662,0.24717121,False
4,R582K,0.5444044,0.3257944,0.24470979,False
4,R583H,0.64315206,0.6126956,0.24827552,False
4,R583C,0.3084516,0.5632368,0.24772467,False
4,C584R,0.105822995,0.3823858,0.24834241,False
4,C584S,1.276266,0.42445967,0.22689913,False
4,L585F,0.5075453,0.3641924,0.20220827,False
4,L585H,0.24046357,0.26828557,0.22719195,False
4,L585I,0.06998325,0.3106688,0.22133799,False
4,L585P,0.0839656,0.31913608,0.2146054,False
4,L586H,0.247256,0.33829218,0.23033716,False
4,L586P,0.22404464,0.24465322,0.21361913,False
4,Q587L,0.06741421,0.4729096,0.2416121,False
4,Q587R,0.06441745,0.42152688,0.21203157,False
4,S588L,0.2077754,0.6217257,0.25539845,False
4,S588T,0.7900147,0.5200582,0.23023856,False
4,S588P,0.5321008,0.37317264,0.2345566,False
4,L589F,0.1500033,0.3077688,0.20439936,False
4,L589H,0.09956813,0.3926579,0.23676576,False
4,L589P,0.079048604,0.12913468,0.20701914,False
4,Q590R,0.05178865,0.42362574,0.21883525,False
4,Q590L,0.021211827,0.4672675,0.22960904,False
4,Q590H,0.96465963,0.42464143,0.23231344,False
4,Q591H,0.06534889,0.39481753,0.22878605,False
4,Q591R,0.17024542,0.42176485,0.22481349,False
4,Q591L,0.23315476,0.52136475,0.23013161,False
4,I592N,0.12588918,0.3508788,0.21092087,False
4,I592T,0.06180624,0.43939686,0.21797378,False
4,I592V,0.5188939,0.6512861,0.20170671,False
4,I592F,0.06522329,0.6384341,0.2100101,False
4,E593V,0.05404602,0.5009215,0.1979782,False
4,E593K,0.1681419,0.3006845,0.191571,False
4,E593G,0.14992304,0.42144698,0.21323209,False
4,E593D,0.07224151,0.48248714,0.19254011,False
4,S594C,0.47763214,0.6141665,0.2276337,False
4,S594G,0.63746053,0.56178427,0.19769746,False
4,S594N,0.48832378,0.6262721,0.20946059,False
4,M595T,0.49520344,0.46291128,0.24791887,False
4,M595I,0.67357206,0.68267125,0.24164876,False
4,M595V,0.6438868,0.54209375,0.2488508,False
4,M595K,0.45566082,0.41191024,0.2482753,False
4,I596N,0.1615916,0.32061535,0.22745682,False
4,I596T,0.46678424,0.23863651,0.19652134,False
4,I596F,0.16626753,0.340588,0.2206286,False
4,I596V,0.6091611,0.54754394,0.20539021,False
4,E597D,1.189755,0.33909857,0.20615782,False
4,E597V,0.03398912,0.46352258,0.19966084,False
4,E597G,0.10551537,0.27944818,0.19797549,False
4,A598V,0.42339307,0.57166106,0.20362823,False
4,A598T,0.9881646,0.68198323,0.19177134,False
4,E599V,0.19061647,0.4811624,0.19978538,False
4,E599G,0.63597786,0.54954606,0.20367102,False
4,S600P,0.089245304,0.2959391,0.22514679,False
4,S601Y,0.061423603,0.637305,0.25147584,False
4,S601F,0.11226471,0.6690417,0.2392248,False
4,S601T,0.6852235,0.5136752,0.2242399,False
4,V602A,0.7269427,0.4729037,0.21054149,False
4,V602D,0.32330114,0.32150376,0.2205713,False
4,K603E,0.6257678,0.49248093,0.2073678,False
4,K603M,1.5165783,0.48938876,0.20737992,False
4,K603N,1.4589067,0.4064059,0.19417396,False
4,K603R,0.8291149,0.6974404,0.19650955,False
4,E604G,0.2805601,0.49443063,0.21552417,False
4,E604K,0.13224976,0.33600208,0.21209714,False
4,E604V,0.20178492,0.3980327,0.22147937,False
4,K605I,0.2515542,0.45822886,0.23480928,False
4,K605E,0.43703973,0.24514881,0.19351429,False
4,K605R,0.44228473,0.5235731,0.19426583,False
4,K605N,0.18677959,0.27924287,0.20606999,False
4,D606G,0.19842519,0.3075179,0.19942032,False
4,D606V,0.15990208,0.32809633,0.20012558,False
4,M607V,0.7173776,0.49769866,0.2525351,False
4,M607T,0.98680437,0.44033462,0.2486556,False
4,M607L,0.41689196,0.5278895,0.2250932,False
4,M607K,0.5299731,0.29251665,0.2517505,False
4,M607I,0.7904241,0.4770803,0.2541421,False
4,T608S,0.6934632,0.44750825,0.20792924,False
4,T608I,0.9541195,0.34289515,0.21147335,False
4,T608A,0.44494423,0.23511152,0.2142569,False
4,K609I,0.84462494,0.49435887,0.23628661,False
4,K609R,1.1177493,0.7522533,0.22303757,False
4,K609N,0.34063488,0.42320278,0.23102163,False
4,K609E,0.18154538,0.35280722,0.22343317,False
4,E610G,1.1928967,0.44700953,0.25274926,False
4,F611S,0.33309957,0.10783693,0.22864439,False
4,F611L,0.24108371,0.32683906,0.23784906,False
4,F612I,0.46688187,0.14366245,0.23884672,False
4,F612L,0.3602516,0.31832767,0.24720746,False
4,F612S,0.19189258,0.160752,0.2196646,False
4,F612Y,0.39205033,0.42467004,0.22749306,False
4,E613V,0.3408036,0.52062094,0.24676305,False
4,E613G,1.088449,0.5084592,0.23434699,False
4,E613D,0.5362247,0.44462878,0.2420976,False
4,N614Y,0.25659052,0.61419356,0.26672542,False
4,N614D,0.92225415,0.41672993,0.241505,False
4,N614I,0.8595566,0.4700597,0.25867575,False
4,N614S,0.6153223,0.43884128,0.21277472,False
4,K615R,1.0314639,0.7875312,0.19897035,False
4,K615E,0.28842577,0.56521213,0.23454238,False
4,K615N,1.1681108,0.5117185,0.24252164,False
4,K615I,0.6992408,0.62136984,0.2379891,False
4,S616P,0.9093211,0.6294513,0.23743148,False
4,S616T,0.52022547,0.60394555,0.21733378,False
4,E617D,1.3042066,0.37870282,0.23593175,False
4,E617V,0.70069474,0.49050713,0.25157347,False
4,E617G,0.46948588,0.41129294,0.24664915,False
4,T618S,0.7502674,0.5289651,0.24192773,False
4,T618A,0.8927267,0.7687166,0.24619044,False
4,W619R,0.21477403,0.19767964,0.21773687,False
4,P620T,0.99966794,0.30026168,0.2288655,False
4,P620S,0.81405383,0.16430885,0.19993764,False
4,P620L,0.17570974,0.2043702,0.19861835,False
4,P620H,0.21463682,0.29955858,0.23806274,False
4,V621A,0.5113517,0.3224107,0.20733665,False
4,V621D,0.06925418,0.34848344,0.2170563,False
4,G622E,0.1436179,0.26903453,0.21616964,False
4,G622R,0.195017,0.3829505,0.22658119,False
4,E623G,0.41237605,0.3833921,0.21483365,False
4,E623V,0.8479636,0.35633284,0.20511223,False
4,S624F,0.36336577,0.41725886,0.23368251,False
4,S624P,0.124982916,0.34101334,0.22860721,False
4,P625S,0.5006444,0.4376477,0.1981333,False
4,P625L,0.42850673,0.3737837,0.19839516,False
4,P625H,0.5182699,0.53282714,0.21264948,False
4,K626R,1.0430739,0.7087977,0.20223832,False
4,K626E,0.6261964,0.40731835,0.22232422,False
4,K626I,0.1631757,0.5188504,0.23695323,False
4,K626N,1.2902644,0.4739929,0.21850133,False
4,V628A,0.31118557,0.49057943,0.21379751,False
4,V628E,0.29771498,0.35717297,0.219962,False
4,E629G,0.5782033,0.47615045,0.20460933,False
4,E629K,0.49186984,0.4954668,0.20218076,False
4,E629V,0.2879488,0.59308815,0.2049241,False
4,E630G,0.7988306,0.37949067,0.22258152,False
4,E630V,0.52790636,0.37187403,0.21205355,False
4,E630D,0.8580254,0.48867837,0.20751226,False
4,G631C,1.029591,0.27638555,0.20648034,False
4,S632P,0.6307708,0.5328171,0.21829365,False
4,S632T,4.080268,0.58527875,0.21662813,False
4,I633N,0.07620935,0.4441944,0.23921926,False
4,I633F,0.04963783,0.5421096,0.20251885,False
4,I633V,0.765161,0.50134706,0.20901349,False
4,I633T,0.14856617,0.49011242,0.21308906,False
4,G634E,0.19662446,0.3337648,0.20292275,False
4,G634R,0.21752597,0.30779794,0.20674741,False
4,G634V,0.1813972,0.31618685,0.23258173,False
4,K635R,0.27509594,0.6031495,0.20706254,False
4,K635M,0.083522014,0.4326623,0.20422183,False
4,K635E,0.09390521,0.30108893,0.19755268,False
4,V636A,0.3111112,0.36067885,0.20930932,False
4,V636I,0.8698241,0.41452277,0.20837255,False
4,V636D,0.22404316,0.3513398,0.23320112,False
4,C637S,0.3752022,0.41379258,0.22313152,False
4,C637R,0.16953932,0.22540629,0.22383621,False
4,R638G,0.177334,0.103367984,0.22131225,False
4,R638S,0.088573314,0.21036121,0.22581689,False
4,T639A,0.73269194,0.4578537,0.21487513,False
4,L640I,0.40049013,0.37899303,0.20096926,False
4,L641M,0.9234543,0.3809824,0.19335514,False
4,L641S,0.14203842,0.22470401,0.19786173,False
4,K643M,0.16411248,0.43862993,0.2043251,False
4,K643R,1.383688,0.7442679,0.20077945,False
4,K643E,0.15866211,0.29879835,0.22462648,False
4,S644L,0.1585966,0.52254486,0.23686981,False
4,S644T,0.74919957,0.41107216,0.21774903,False
4,S644P,0.09344668,0.39121196,0.2266783,False
4,V645A,0.79523605,0.44225192,0.2377379,False
4,V645I,0.30233744,0.447629,0.22703768,False
4,F646L,0.9335857,0.38905713,0.21899758,False
4,F646S,0.097105235,0.3297349,0.25053793,False
4,N647I,0.063286126,0.49673745,0.24462648,False
4,N647D,0.15000178,0.4752792,0.2124177,False
4,N647S,0.6907122,0.5861256,0.19269758,False
4,N647Y,0.035135638,0.74600905,0.24808554,False
4,S648C,1.5756236,0.72035277,0.25363564,False
4,S648G,1.2277775,0.5662831,0.24674149,False
4,S648N,0.60359603,0.5574016,0.24437849,False
4,L649S,0.14976034,0.5112457,0.2493281,False
4,L649M,1.4929614,0.6425022,0.2506377,False
4,Y650H,0.46401742,0.09236932,0.24007502,False
4,Y650F,0.78612685,0.48011997,0.23854163,False
4,Y650C,0.3956225,0.23816124,0.2557217,False
4,A651V,0.49145278,0.38659617,0.20685886,False
4,A651T,0.4358741,0.41119397,0.20266259,False
4,S652P,0.1149633,0.34284306,0.24820812,False
4,S652T,0.603789,0.40914518,0.25023153,False
4,P653S,0.29608354,0.53989553,0.22691654,False
4,P653Q,0.1794503,0.3974892,0.24156463,False
4,Q654R,0.78307927,0.19196823,0.23107395,False
4,Q654H,0.20266838,0.17125049,0.22084802,False
4,Q654L,0.062282447,0.24922487,0.22671494,False
4,L655Q,0.23883645,0.33423972,0.22720295,False
4,E656G,0.07948634,0.5652348,0.229852,False
4,E656D,1.1024616,0.71226364,0.23725492,False
4,F658S,0.32120267,0.74703056,0.23370054,False
4,F658I,0.5933149,0.5118398,0.23185651,False
4,F658L,0.663702,0.4050738,0.21070157,False
4,S659P,0.070270754,0.31146738,0.22192541,False
4,S659T,0.20636486,0.47391176,0.24170892,False
4,A660T,0.5893986,0.6338446,0.19469891,False
4,A660D,0.007521682,0.3309877,0.21266292,False
4,A660V,0.29426745,0.47379804,0.21591817,False
4,E661G,0.10921514,0.38498303,0.21224499,False
4,E661D,0.0696343,0.27055877,0.20266026,False
4,E661V,0.025902232,0.2998369,0.21053547,False
4,S662T,0.46534264,0.4742784,0.22435574,False
4,S662P,0.06159787,0.3520764,0.21658142,False
4,R663S,0.0,0.5814923,0.22399668,False
4,R663G,0.03766065,0.40994444,0.2327627,False
4,K664E,0.06751352,0.3486078,0.20696205,False
4,K664I,0.025033098,0.4454673,0.2259128,False
4,K664N,0.03423596,0.45833325,0.24328235,False
4,K664R,0.22586343,0.6797696,0.20836556,False
4,L665P,0.08299353,0.23717813,0.23070236,False
4,L665Q,0.2229399,0.44756782,0.20263658,False
4,L666H,0.39420882,0.409024,0.21824205,False
4,L666P,0.054188695,0.23836932,0.20917425,False
4,L666F,0.17339882,0.34827036,0.19657497,False
4,L667H,0.03207086,0.31912938,0.20842034,False
4,L667P,0.023791092,0.32079762,0.20644861,False
4,I668N,0.16325754,0.5333755,0.25161862,False
4,I668T,0.31289762,0.40201327,0.24566805,False
4,I668V,0.5495631,0.7543986,0.22618578,False
4,V669I,0.7086109,0.628099,0.24770951,False
4,V669A,0.52368146,0.5695929,0.24611941,False
4,V669D,0.19036211,0.27131942,0.24804601,False
4,Q670R,0.07443235,0.45293725,0.2284378,False
4,Q670L,0.023965368,0.535415,0.24750854,False
4,Q670H,0.07871071,0.4397756,0.23764597,False
4,A671T,0.107221805,0.45951054,0.23478125,False
4,A671V,0.027929414,0.48114085,0.23726855,False
4,L672P,0.040386148,0.32974967,0.24161457,False
4,L672H,0.33216274,0.31632856,0.24629664,False
4,R673W,0.15836878,0.2608993,0.2395589,False
4,R673S,0.32382423,0.40872982,0.23838346,False
4,R673G,0.33335906,0.35974663,0.24372901,False
4,R673K,0.6154926,0.4152505,0.2167207,False
4,R673M,0.20708834,0.29411587,0.20962001,False
4,D674N,0.11985791,0.63673913,0.24274656,False
4,D674G,0.047598492,0.54283893,0.23069969,False
4,N675Y,0.62228554,0.6609217,0.2608629,False
4,N675I,1.4986008,0.5212428,0.25646174,False
4,N675S,0.31331405,0.614345,0.21428543,False
4,N675D,0.3539654,0.5847066,0.23458846,False
4,L676M,1.3544344,0.24756232,0.20428756,False
4,L676P,0.11380529,0.35410798,0.24792197,False
4,L676Q,0.45771694,0.35324478,0.22411364,False
4,E677G,0.22756076,0.46852043,0.19548883,False
4,E677D,0.25181562,0.55998564,0.19660537,False
4,G679E,0.06932652,0.20545092,0.21944252,False
4,G679V,0.029129421,0.37475085,0.24127895,False
4,T680A,0.10896565,0.4544111,0.20512122,False
4,F681I,0.06519277,0.37763947,0.2095625,False
4,F681Y,0.03190169,0.60893595,0.24119426,False
4,F681L,0.083817154,0.5493737,0.20952974,False
4,F681S,0.04888053,0.38224965,0.20410548,False
4,D682G,0.12219045,0.45994312,0.21615021,False
4,L683P,0.042162847,0.43922344,0.2487726,False
4,L683H,0.20153597,0.38960195,0.25113064,False
4,G684E,0.6849074,0.5541501,0.21312822,False
4,G684R,1.5483131,0.5012295,0.24381702,False
4,G684V,0.78918386,0.5632162,0.2566501,False
4,G685R,0.12791362,0.43435296,0.2372098,False
4,G685V,0.042860284,0.38109532,0.22907436,False
4,G685E,0.139425,0.3062433,0.21400675,False
4,L686Q,0.6581342,0.5195787,0.2109469,False
4,L686P,0.088077895,0.3128967,0.22826634,False
4,L686I,0.11626282,0.40991467,0.19904438,False
4,Y687C,0.114730574,0.2566114,0.26816595,False
4,Y687F,0.18265726,0.27740753,0.22669663,False
4,Y687N,0.21926168,0.2202851,0.2595511,False
4,Y687H,0.27993354,0.21090055,0.25162315,False
4,E688D,0.7272433,0.72585213,0.22667187,False
4,E688G,0.99379355,0.63277966,0.22911578,False
4,E688V,0.3071806,0.51059335,0.20083666,False
4,A689T,0.052436043,0.5585431,0.2432434,False
4,I690F,0.3873051,0.45957422,0.23333393,False
4,I690N,0.21983223,0.3948782,0.24471074,False
4,I690V,0.4754381,0.66186684,0.21869901,False
4,I690T,0.2679965,0.36030883,0.23689297,False
4,E691D,0.29028818,0.26834515,0.25013354,False
4,E691G,0.10641639,0.28661317,0.24983606,False
4,E691V,0.3968089,0.17575797,0.23374534,False
4,E692V,0.07341053,0.47999552,0.21779057,False
4,C693Y,0.11298316,0.45219624,0.26299685,False
4,C693R,0.042408638,0.21682926,0.25268236,False
4,L694Q,0.23901103,0.41494316,0.24818802,False
4,L694P,0.30254406,0.31646568,0.24121295,False
4,L694M,0.24029884,0.49080813,0.2426215,False
4,I695T,0.04618147,0.51000553,0.24085245,False
4,I695V,0.4353967,0.67697084,0.20661,False
4,N696I,0.019302629,0.3800614,0.2599733,False
4,N696D,0.09911815,0.4057404,0.22753166,False
4,N696Y,0.03423596,0.54991305,0.26403332,False
4,N696S,0.8224763,0.3795766,0.21421896,False
4,D697E,0.07246958,0.5973415,0.22098696,False
4,D697G,0.11893561,0.40961102,0.21197626,False
4,D697N,0.21195397,0.4739254,0.23597285,False
4,D697V,0.04940156,0.52942747,0.24566343,False
4,P698S,0.05848643,0.26529258,0.19410658,False
4,P698L,0.102545746,0.138098,0.2032342,False
4,W699R,0.078847975,0.21790673,0.22179182,False
4,V700A,0.17618297,0.50405633,0.2541902,False
4,L701M,0.19152772,0.33462828,0.21069157,False
4,L701S,0.1933086,0.40314335,0.24257532,False
4,L702P,0.04661982,0.37778586,0.20346203,False
4,L702H,0.028932612,0.23977013,0.21319105,False
4,L702F,0.028482102,0.32149267,0.2116477,False
4,N703Y,0.23315993,0.39738113,0.22311692,False
4,N703S,0.604315,0.42650932,0.20277624,False
4,N703D,0.24898174,0.25953412,0.20238973,False
4,A704T,0.32227126,0.29430646,0.20367979,False
4,A704V,0.4330628,0.38164032,0.20811164,False
4,S705T,0.08001036,0.51689285,0.24307844,False
4,S705P,0.107815675,0.4312074,0.24449185,False
4,W706R,0.04241359,0.28972754,0.20354618,False
4,F707Y,0.023087654,0.43867934,0.21841776,False
4,F707I,0.14522758,0.227503,0.2327622,False
4,F707L,0.07552898,0.46482146,0.21755636,False
4,F707S,0.061965138,0.35867402,0.2440521,False
4,N708I,0.021472467,0.39610565,0.25869432,False
4,N708S,0.037784375,0.44810694,0.213417,False
4,N708Y,0.037543688,0.51756287,0.26429608,False
4,N708D,0.13846593,0.31119198,0.21525072,False
4,S709P,0.063571885,0.47445384,0.23770356,False
4,S709T,0.03885999,0.4980119,0.21825574,False
4,F710Y,0.10211272,0.5399767,0.25493222,False
4,F710L,0.1167789,0.2821955,0.23142573,False
4,F710S,0.06403688,0.2971219,0.22529054,False
4,F710I,0.021982817,0.16955775,0.21685338,False
4,L711P,0.07881667,0.12794262,0.21384615,False
4,L711I,0.27262527,0.38280943,0.20410244,False
4,L711H,0.055704977,0.23193946,0.20776397,False
4,T712S,0.102231316,0.6840706,0.23796041,False
4,T712I,0.45927566,0.993174,0.2345263,False
4,T712A,0.6536495,0.5508559,0.20847201,False
4,H713R,0.11941447,0.43316594,0.2471721,False
4,H713Q,0.044596665,0.33435565,0.2465588,False
4,H713L,0.17979889,0.28138512,0.23793684,False
4,A714V,0.41247174,0.69442874,0.24551833,False
4,A714T,0.7710491,0.5318483,0.22017425,False
4,L715S,0.91454273,0.4480218,0.24051999,False
4,L715M,0.050303545,0.43901196,0.22860119,False
4,R716G,0.7778099,0.5631949,0.2469106,False
